0	0	0	0	0	0	0	0	0	0	0	0	0	0	0	0	0	0	0	0	0	0	0	0	0	0	0	0	0	0	0	0	0	0	0	0	0	0	0	0	0	0	0	0	0	0	0	0	0	0	0	0	0	0	0	0	0	0	0	0	0	0	0	0	0	0	0	0	0	0	0	0	0	0	0	0	0	0	0	0	0	0	0	0	0	0	0	0	0	0	0	0	0	0	0	0	0	0	0	0	0	0	0	0	0	0	0	0	0	0	0	0	0	0	0	0	0	0	0	0	0	0	0	0	0	0	0	0	0	0	0	0	0	0	0	0	0	0	0	0	0	0	0	0	0	0	0	0	0	0	0	0	0	0	0	0	0	0	0	0	0	0	0	0	0	0	0	0	0	62	62	62	62	62	62	62	62	62	62	62	62	62	62	62	62	62	62	62	62	62	62	0	0	0	0	0	0	0	0	0	0	1	1	1	1	1	0	0	0	0	0	0	0	0	0	0	73	73	73	73	73	73	73	73	73	73	73	73
0	0	0	0	0	0	0	0	0	0	0	0	0	0	0	0	0	0	0	0	0	0	0	0	0	0	0	0	0	0	0	0	0	0	0	0	0	0	0	0	0	0	0	0	0	0	0	0	0	0	0	0	0	0	0	0	0	0	0	0	0	0	0	0	0	0	0	0	0	0	0	0	0	0	0	0	0	0	0	0	0	0	0	0	0	0	0	0	0	0	0	0	0	0	0	0	0	0	0	0	0	0	0	0	0	0	0	0	0	0	0	0	0	0	0	0	0	0	0	0	0	0	0	0	0	0	0	0	0	0	0	0	0	0	0	0	0	0	0	0	0	0	0	0	0	0	0	0	0	0	0	0	0	0	0	0	0	0	0	0	0	0	0	0	0	0	0	0	0	62	62	62	62	62	62	62	62	62	62	62	62	62	62	62	62	62	62	62	62	62	62	0	0	0	0	0	0	0	0	0	0	1	1	1	1	1	0	0	0	0	0	0	0	0	0	0	73	73	73	73	73	73	73	73	73	73	73	73
0	0	0	0	0	0	0	0	0	0	0	0	0	0	0	0	0	0	0	0	0	0	0	0	0	0	0	0	0	0	0	0	0	0	0	0	0	0	0	0	0	0	0	0	0	0	0	0	0	0	0	0	0	0	0	0	0	0	0	0	0	0	0	0	0	0	0	0	0	0	0	0	0	0	0	0	0	0	0	0	0	0	0	0	0	0	0	0	0	0	0	0	0	0	0	0	0	0	0	0	0	0	0	0	0	0	0	0	0	0	0	0	0	0	0	0	0	0	0	0	0	0	0	0	0	0	0	0	0	0	0	0	0	0	0	0	0	0	0	0	0	0	0	0	0	0	0	0	0	0	0	0	0	0	0	0	0	0	0	0	0	0	0	0	0	0	0	0	0	62	62	62	62	62	62	1	1	1	1	1	1	1	1	1	62	62	62	62	1	62	62	0	0	0	0	0	0	0	0	0	0	1	1	1	1	1	0	0	0	0	0	0	0	0	0	0	73	73	73	73	73	73	73	73	73	73	73	73
0	0	0	0	0	0	0	0	0	0	0	0	0	0	0	0	0	0	0	0	0	0	0	0	0	0	0	0	0	0	0	0	0	0	0	0	0	0	0	0	0	0	0	0	0	0	0	0	0	0	0	0	0	0	0	0	0	0	0	0	0	0	0	0	0	0	0	0	0	0	0	0	0	0	0	0	0	0	0	0	0	0	0	0	0	0	0	0	0	0	0	0	0	0	0	0	0	0	0	0	0	0	0	0	0	0	0	0	0	0	0	0	0	0	0	0	0	0	0	0	0	0	0	0	0	0	0	0	0	0	0	0	0	0	0	0	0	0	0	0	0	0	0	0	0	0	0	0	0	0	0	0	0	0	0	0	0	0	0	0	0	0	0	0	0	0	0	0	0	62	62	62	62	62	62	1	1	1	1	1	1	1	1	1	62	62	62	62	1	62	62	0	0	0	0	0	0	0	0	0	0	1	1	1	1	1	0	0	0	0	0	0	0	0	0	0	73	73	73	73	73	73	73	73	73	73	73	73
0	0	0	0	0	0	0	0	0	0	0	0	0	0	0	0	0	0	0	0	0	0	0	0	0	0	0	0	0	0	0	0	0	0	0	0	0	0	0	0	0	0	0	0	0	0	0	0	0	0	0	0	0	0	0	0	0	0	0	0	0	0	0	0	0	0	0	0	0	0	0	0	0	0	0	0	0	0	0	0	0	0	0	0	0	0	0	0	0	0	0	0	0	0	0	0	0	0	0	0	0	0	0	0	0	0	0	0	0	0	0	0	0	0	0	0	0	0	0	0	0	0	0	0	0	0	0	0	0	0	0	0	0	0	0	0	0	0	0	0	0	0	0	0	0	0	0	0	0	0	0	0	0	0	0	0	0	0	0	0	0	0	0	0	0	0	0	0	0	62	62	62	62	1	1	1	1	1	1	1	1	1	1	1	1	1	1	1	1	62	62	0	0	0	0	0	0	0	0	0	0	1	1	1	1	1	0	0	0	0	0	0	0	0	0	0	73	73	73	73	73	73	73	73	73	73	73	73
0	0	0	0	0	0	0	0	0	0	0	0	0	0	0	0	0	0	0	0	0	0	0	0	0	0	0	0	0	0	0	0	0	0	0	0	0	0	0	0	0	0	0	0	0	0	0	0	0	0	0	0	0	0	0	0	0	0	0	0	0	0	0	0	0	0	0	0	0	0	0	0	0	0	0	0	0	0	0	0	0	0	0	0	0	0	0	0	0	0	0	0	0	0	0	0	0	0	0	0	0	0	0	0	0	0	0	0	0	0	0	0	0	0	0	0	0	0	0	0	0	0	0	0	0	0	0	0	0	0	0	0	0	0	0	0	0	0	0	0	0	0	0	0	0	0	0	0	0	0	0	0	0	0	0	0	0	0	0	0	0	0	0	0	0	0	0	0	0	62	62	62	62	1	1	1	1	1	1	1	1	1	1	1	1	1	1	1	1	62	62	0	0	0	0	0	0	0	1	1	1	1	1	1	1	1	0	0	0	0	0	0	0	0	0	0	73	73	73	73	73	73	73	73	73	73	73	73
0	0	0	0	0	0	0	0	0	0	0	0	0	0	0	0	0	0	0	0	0	0	0	0	0	0	0	0	0	0	0	0	0	0	0	0	0	0	0	0	0	0	0	0	0	0	0	0	0	0	0	0	0	0	0	0	0	0	0	0	0	0	0	0	0	0	0	0	0	0	0	0	0	0	0	0	0	0	0	0	0	0	0	0	0	0	0	0	0	0	0	0	0	0	0	0	0	0	0	0	0	0	0	0	0	0	0	0	0	0	0	0	0	0	0	0	0	0	0	0	0	0	0	0	0	0	0	0	0	0	0	0	0	0	0	0	0	0	0	0	0	0	0	0	0	0	0	0	0	0	0	0	0	0	0	0	0	0	0	0	0	0	0	0	0	0	0	0	0	62	62	62	62	1	1	1	1	1	1	1	1	1	1	1	1	1	1	1	1	62	62	0	1	1	1	1	1	1	1	1	1	1	1	1	1	1	0	0	0	0	0	0	0	0	0	0	73	73	73	73	73	73	73	73	73	73	73	73
0	0	0	0	0	0	0	0	0	0	0	0	0	0	0	0	0	0	0	0	0	0	0	0	0	0	0	0	0	0	0	0	0	0	0	0	0	0	0	0	0	0	0	0	0	0	0	0	0	0	0	0	0	0	0	0	0	0	0	0	0	0	0	0	0	0	0	0	0	0	0	0	0	0	0	0	0	0	0	0	0	0	0	0	0	0	0	0	0	0	0	0	0	0	0	0	0	0	0	0	0	0	0	0	0	0	0	0	0	0	0	0	0	0	0	0	0	0	0	0	0	0	0	0	0	0	0	0	0	0	0	0	0	0	0	0	0	0	0	0	0	0	0	0	0	0	0	0	0	0	0	0	0	0	0	0	0	0	0	0	0	0	0	0	0	0	0	0	0	62	1	1	1	1	1	1	1	1	1	1	1	1	1	1	1	1	1	1	1	62	62	1	1	1	1	1	1	1	1	1	1	1	1	1	1	1	0	0	0	0	0	0	0	0	0	0	73	73	73	73	73	73	73	73	73	73	73	73
0	0	0	0	0	0	0	0	0	0	0	0	0	0	0	0	0	0	0	0	0	0	0	0	0	0	0	0	0	0	0	0	0	0	0	0	0	0	0	0	0	0	0	0	0	0	0	0	0	0	0	0	0	0	0	0	0	0	0	0	0	0	0	0	0	0	0	0	0	0	0	0	0	0	0	0	0	0	0	0	0	0	0	0	0	0	0	0	0	0	0	0	0	0	0	0	0	0	0	0	0	0	0	0	0	0	0	0	0	0	0	0	0	0	0	0	0	0	0	0	0	0	0	0	0	0	0	0	0	0	0	0	0	0	0	0	0	0	0	0	0	0	0	0	0	0	0	0	0	0	0	0	0	0	0	0	0	0	0	0	0	0	0	0	0	0	0	0	0	62	1	1	1	1	1	1	1	1	1	1	1	1	1	1	1	1	1	1	1	62	62	1	1	1	1	1	1	1	1	1	1	1	1	1	1	1	0	0	0	0	0	0	0	0	0	0	73	73	73	73	73	73	73	73	73	73	73	73
0	0	0	0	0	0	0	0	0	0	0	0	0	0	0	0	0	0	0	0	0	0	0	0	0	0	0	0	0	0	0	0	0	0	0	0	0	0	0	0	0	0	0	0	0	0	0	0	0	0	0	0	0	0	0	0	0	0	0	0	0	0	0	0	0	0	0	0	0	0	0	0	0	0	0	0	0	0	0	0	0	0	0	0	0	0	0	0	0	0	0	0	0	0	0	0	0	0	0	0	0	0	0	0	0	0	0	0	0	0	0	0	0	0	0	0	0	0	0	0	0	0	0	0	0	0	0	0	0	0	0	0	0	0	0	0	0	0	0	0	0	0	0	0	0	0	0	0	0	0	0	0	0	0	0	0	0	0	0	0	0	0	0	0	0	0	0	0	0	62	1	1	1	1	1	1	62	62	62	62	36	36	36	36	62	62	62	1	1	62	62	1	1	1	1	1	1	1	1	1	1	1	1	1	1	1	0	0	0	0	0	0	0	0	0	0	73	73	73	73	73	73	73	73	73	73	73	73
0	0	0	0	0	0	0	0	0	0	0	0	0	0	0	0	0	0	0	0	0	0	0	0	0	0	0	0	0	0	0	0	0	0	0	0	0	0	0	0	0	0	0	0	0	0	0	0	0	0	0	0	0	0	0	0	0	0	0	0	0	0	0	0	0	0	0	0	0	0	0	0	0	0	0	0	0	0	0	0	0	0	0	0	0	0	0	0	0	0	0	0	0	0	0	0	0	0	0	0	0	0	0	0	0	0	0	0	0	0	0	0	0	0	0	0	0	0	0	0	0	0	0	0	0	0	0	0	0	0	0	0	0	0	0	0	0	0	0	0	0	0	0	0	0	0	0	0	0	0	0	0	0	0	0	0	0	0	0	0	0	0	0	0	0	0	0	0	0	62	1	1	1	1	1	1	62	62	62	62	36	36	36	36	62	62	62	1	1	62	62	1	1	1	1	1	1	1	1	1	1	1	1	1	1	1	0	0	0	0	0	0	0	0	0	0	73	73	73	73	73	73	73	73	73	73	73	73
0	0	0	0	0	0	0	0	0	0	0	0	0	0	0	0	0	0	0	0	0	0	0	0	0	0	0	0	0	0	0	0	0	0	0	0	0	0	0	0	0	0	0	0	0	0	0	0	0	0	0	0	0	0	0	0	0	0	0	0	0	0	0	0	0	0	0	0	0	0	0	0	0	0	0	0	0	0	0	0	0	0	0	0	0	0	0	0	0	0	0	0	0	0	0	0	0	0	0	0	0	0	0	0	0	0	0	0	0	0	0	0	0	0	0	0	0	0	0	0	0	0	0	0	0	0	0	0	0	0	0	0	0	0	0	0	0	0	0	0	0	0	0	0	0	0	0	0	0	0	0	0	0	0	0	0	0	0	0	0	0	0	0	0	0	0	0	0	0	62	62	62	62	1	1	1	62	62	62	62	36	36	36	36	62	62	62	1	1	62	62	1	1	1	1	1	1	1	1	1	1	1	1	1	1	1	1	1	1	1	1	1	1	1	1	0	73	73	73	73	73	73	73	73	73	73	73	73
0	0	0	0	0	0	0	0	0	0	0	0	0	0	0	0	0	0	0	0	0	0	0	0	0	0	0	0	0	0	0	0	0	0	0	0	0	0	0	0	0	0	0	0	0	0	0	0	0	0	0	0	0	0	0	0	0	0	0	0	0	0	0	0	0	0	0	0	0	0	0	0	0	0	0	0	0	0	0	0	0	0	0	0	0	0	0	0	0	0	0	0	0	0	0	0	0	0	0	0	0	0	0	0	0	0	0	0	0	0	0	0	0	0	0	0	0	0	0	0	0	0	0	0	0	0	0	0	0	0	0	0	0	0	0	0	0	0	0	0	0	0	0	0	0	0	0	0	0	0	0	0	0	0	0	0	0	0	0	0	0	0	0	0	0	0	0	0	0	62	62	62	62	1	1	1	62	62	62	62	36	36	36	36	62	62	62	1	62	62	62	1	1	1	1	1	1	1	1	1	1	1	1	1	1	1	1	1	1	1	1	1	1	1	1	0	73	73	73	73	73	73	73	73	73	73	73	73
0	0	0	0	0	0	0	0	0	0	0	0	0	0	0	0	0	0	0	0	0	0	0	0	0	0	0	0	0	0	0	0	0	0	0	0	0	0	0	0	0	0	0	0	0	0	0	0	0	0	0	0	0	0	0	0	0	0	0	0	0	0	0	0	0	0	0	0	0	0	0	0	0	0	0	0	0	0	0	0	0	0	0	0	0	0	0	0	0	0	0	0	0	0	0	0	0	0	0	0	0	0	0	0	0	0	0	0	0	0	0	0	0	0	0	0	0	0	0	0	0	0	0	0	0	0	0	0	0	0	0	0	0	0	0	0	0	0	0	0	0	0	0	0	0	0	0	0	0	0	0	0	0	0	0	0	0	0	0	0	0	0	0	0	0	0	0	0	0	62	62	62	62	1	1	1	62	62	62	62	36	36	36	36	62	62	62	1	62	62	62	1	1	1	1	1	1	1	1	1	1	1	1	1	1	1	1	1	1	1	1	1	1	1	1	0	73	73	73	73	73	73	73	73	73	73	73	73
0	0	0	0	0	0	0	0	0	0	0	0	0	0	0	0	0	0	0	0	0	0	0	0	0	0	0	0	0	0	0	0	0	0	0	0	0	0	0	0	0	0	0	0	0	0	0	0	0	0	0	0	0	0	0	0	0	0	0	0	0	0	0	0	0	0	0	0	0	0	0	0	0	0	0	0	0	0	0	0	0	0	0	0	0	0	0	0	0	0	0	0	0	0	0	0	0	0	0	0	0	0	0	0	0	0	0	0	0	0	0	0	0	0	0	0	0	0	0	0	0	0	0	0	0	0	0	0	0	0	0	0	0	0	0	0	0	0	0	0	0	0	0	0	0	0	0	0	0	0	0	0	0	0	0	0	0	0	0	0	0	0	0	0	0	0	0	0	0	35	35	35	62	1	1	1	62	62	62	62	36	36	36	36	62	62	62	1	62	62	62	1	1	1	1	1	1	1	1	1	1	1	1	1	1	1	1	1	1	1	1	1	1	1	1	0	73	73	73	73	73	73	73	73	73	73	73	73
0	0	0	0	0	0	0	0	0	0	0	0	0	0	0	0	0	0	0	0	0	0	0	0	0	0	0	0	0	0	0	0	0	0	0	0	0	0	0	0	0	0	0	0	0	0	0	0	0	0	0	0	0	0	0	0	0	0	0	0	0	0	0	0	0	0	0	0	0	0	0	0	0	0	0	0	0	0	0	0	0	0	0	0	0	0	0	0	0	0	0	0	0	0	0	0	0	0	0	0	0	0	0	0	0	0	0	0	0	0	0	0	0	0	0	0	0	0	0	0	0	0	0	0	0	0	0	0	0	0	0	0	0	0	0	0	0	0	0	0	0	0	0	0	0	0	0	0	0	0	0	0	0	0	0	0	0	0	0	0	0	0	0	0	0	0	0	0	0	35	35	35	62	1	1	1	62	62	62	62	36	36	36	36	62	62	62	1	62	62	62	1	1	1	1	1	1	1	1	1	1	1	1	1	1	1	1	1	1	1	1	1	1	1	1	0	73	73	73	73	73	73	73	73	73	73	73	73
0	0	0	0	0	0	0	0	0	0	0	0	0	0	0	0	0	0	0	0	0	0	0	0	0	0	0	0	0	0	0	0	0	0	0	0	0	0	0	0	0	0	0	0	0	0	0	0	0	0	0	0	0	0	0	0	0	0	0	0	0	0	0	0	0	0	0	0	0	0	0	0	0	0	0	0	0	0	0	0	0	0	0	0	0	0	0	0	0	0	0	0	0	0	0	0	0	0	0	0	0	0	0	0	0	0	0	0	0	0	0	0	0	0	0	0	0	0	0	0	0	0	0	0	0	0	0	0	0	0	0	0	0	0	0	0	0	0	0	0	0	0	0	0	0	0	0	0	0	0	0	0	0	0	0	0	0	0	0	0	0	0	0	0	0	0	0	0	0	35	35	35	62	1	1	1	62	62	62	62	36	36	36	36	62	62	62	1	1	1	1	1	1	1	1	1	1	1	1	1	1	1	1	1	1	1	1	1	1	1	1	1	1	1	1	0	73	73	73	73	73	73	73	73	73	73	73	73
0	0	0	0	0	0	0	0	0	0	0	0	0	0	0	0	0	0	0	0	0	0	0	0	0	0	0	0	0	0	0	0	0	0	0	0	0	0	0	0	0	0	0	0	0	0	0	0	0	0	0	0	0	0	0	0	0	0	0	0	0	0	0	0	0	0	0	0	0	0	0	0	0	0	0	0	0	0	0	0	0	0	0	0	0	0	0	0	0	0	0	0	0	0	0	0	0	0	0	0	0	0	0	0	0	0	0	0	0	0	0	0	0	0	0	0	0	0	0	0	0	0	0	0	0	0	0	0	0	0	0	0	0	0	0	0	0	0	0	0	0	0	0	0	0	0	0	0	0	0	0	0	0	0	0	0	0	0	0	0	0	0	0	0	0	0	0	0	0	62	62	62	62	1	1	1	62	62	62	62	36	36	36	36	62	62	62	1	1	1	1	1	1	1	1	1	1	1	1	1	1	1	1	1	1	1	1	1	1	1	1	0	0	0	0	0	73	73	73	73	73	73	73	73	73	73	73	73
0	0	0	0	0	0	0	0	0	0	0	0	0	0	0	0	0	0	0	0	0	0	0	0	0	0	0	0	0	0	0	0	0	0	0	0	0	0	0	0	0	0	0	0	0	0	0	0	0	0	0	0	0	0	0	0	0	0	0	0	0	0	0	0	0	0	0	0	0	0	0	0	0	0	0	0	0	0	0	0	0	0	0	0	0	0	0	0	0	0	0	0	0	0	0	0	0	0	0	0	0	0	0	0	0	0	0	0	0	0	0	0	0	0	0	0	0	0	0	0	0	0	0	0	0	0	0	0	0	0	0	0	0	0	0	0	0	0	0	0	0	0	0	0	0	0	0	0	0	0	0	0	0	0	0	0	0	0	0	0	0	0	0	0	0	0	0	0	0	62	62	62	62	1	1	1	1	1	1	62	62	62	62	62	62	1	1	1	1	1	1	1	1	1	1	1	1	1	1	1	1	1	1	1	1	1	1	1	1	1	1	0	0	0	0	0	73	73	73	73	73	73	73	73	73	73	73	73
0	0	0	0	0	0	0	0	0	0	0	0	0	0	0	0	0	0	0	0	0	0	0	0	0	0	0	0	0	0	0	0	0	0	0	0	0	0	0	0	0	0	0	0	0	0	0	0	0	0	0	0	0	0	0	0	0	0	0	0	0	0	0	0	0	0	0	0	0	0	0	0	0	0	0	0	0	0	0	0	0	0	0	0	0	0	0	0	0	0	0	0	0	0	0	0	0	0	0	0	0	0	0	0	0	0	0	0	0	0	0	0	0	0	0	0	0	0	0	0	0	0	0	0	0	0	0	0	0	0	0	0	0	0	0	0	0	0	0	0	0	0	0	0	0	0	0	0	0	0	0	0	0	0	0	0	0	0	0	0	0	0	0	0	0	0	0	0	0	62	62	62	62	1	1	1	1	1	1	1	1	1	1	1	1	1	1	1	1	1	1	1	1	1	1	1	1	1	1	1	1	1	1	1	1	1	1	1	1	1	1	0	0	0	0	0	73	73	73	73	73	73	73	73	73	73	73	73
0	0	0	0	0	0	0	0	0	0	0	0	0	0	0	0	0	0	0	0	0	0	0	0	0	0	0	0	0	0	0	0	0	0	0	0	0	0	0	0	0	0	0	0	0	0	0	0	0	0	0	0	0	0	0	0	0	0	0	0	0	0	0	0	0	0	0	0	0	0	0	0	0	0	0	0	0	0	0	0	0	0	0	0	0	0	0	0	0	0	0	0	0	0	0	0	0	0	0	0	0	0	0	0	0	0	0	0	0	0	0	0	0	0	0	0	0	0	0	0	0	0	0	0	0	0	0	0	0	0	0	0	0	0	0	0	0	0	0	0	0	0	0	0	0	0	0	0	0	0	0	0	0	0	0	0	0	0	0	0	0	0	0	0	0	0	0	0	0	62	1	62	62	62	62	62	62	62	62	62	62	62	62	62	62	1	1	1	1	62	62	0	1	1	1	1	1	1	1	1	1	1	1	1	1	1	1	1	1	1	1	0	0	0	0	0	73	73	73	73	73	73	73	73	73	73	73	73
0	0	0	0	0	0	0	0	0	0	0	0	0	0	0	0	0	0	0	0	0	0	0	0	0	0	0	0	0	0	0	0	0	0	0	0	0	0	0	0	0	0	0	0	0	0	0	0	0	0	0	0	0	0	0	0	0	0	0	0	0	0	0	0	0	0	0	0	0	0	0	0	0	0	0	0	0	0	0	0	0	0	0	0	0	0	0	0	0	0	0	0	0	0	0	0	0	0	0	0	0	0	0	0	0	0	0	0	0	0	0	0	0	0	0	0	0	0	0	0	0	0	0	0	0	0	0	0	0	0	0	0	0	0	0	0	0	0	0	0	0	0	0	0	0	0	0	0	0	0	0	0	0	0	0	0	0	0	0	0	0	0	0	0	0	0	0	0	0	62	1	62	39	39	39	39	39	39	39	39	39	39	39	39	62	1	1	1	1	62	62	0	1	1	1	1	1	1	1	1	1	1	1	1	1	1	1	1	1	1	1	0	0	0	0	0	73	73	73	73	73	73	73	73	73	73	73	73
0	0	0	0	0	0	0	0	0	0	0	0	0	0	0	0	0	0	0	0	0	0	0	0	0	0	0	0	0	0	0	0	0	0	0	0	0	0	0	0	0	0	0	0	0	0	0	0	0	0	0	0	0	0	0	0	0	0	0	0	0	0	0	0	0	0	0	0	0	0	0	0	0	0	0	0	0	0	0	0	0	0	0	0	0	0	0	0	0	0	0	0	0	0	0	0	0	0	0	0	0	0	0	0	0	0	0	0	0	0	0	0	0	0	0	0	0	0	0	0	0	0	0	0	0	0	0	0	0	0	0	0	0	0	0	0	0	0	0	0	0	0	0	0	0	0	0	0	0	0	0	0	0	0	0	0	0	0	0	0	0	0	0	0	0	0	0	0	0	62	1	62	39	39	39	39	39	39	39	39	39	39	39	39	62	1	1	1	1	62	62	0	1	1	1	1	1	1	1	1	1	1	1	1	1	1	1	1	1	1	1	0	0	0	0	0	73	73	73	73	73	73	73	73	73	73	73	73
0	0	0	0	0	0	0	0	0	0	0	0	0	0	0	0	0	0	0	0	0	0	0	0	0	0	0	0	0	0	0	0	0	0	0	0	0	0	0	0	0	0	0	0	0	0	0	0	0	0	0	0	0	0	0	0	0	0	0	0	0	0	0	0	0	0	0	0	0	0	0	0	0	0	0	0	0	0	0	0	0	0	0	0	0	0	0	0	0	0	0	0	0	0	0	0	0	0	0	0	0	0	0	0	0	0	0	0	0	0	0	0	0	0	0	0	0	0	0	0	0	0	0	0	0	0	0	0	0	0	0	0	0	0	0	0	0	0	0	0	0	0	0	0	0	0	0	0	0	0	0	0	0	0	0	0	0	0	0	0	0	0	0	0	0	0	0	0	0	62	1	62	39	39	39	39	39	39	39	39	39	39	39	39	62	1	1	1	1	62	62	0	1	1	1	1	1	1	1	1	1	1	1	1	1	1	1	1	1	1	1	0	0	0	0	0	73	73	73	73	73	73	73	73	73	73	73	73
0	0	0	0	0	0	0	0	0	0	0	0	0	0	0	0	0	0	0	0	0	0	0	0	0	0	0	0	0	0	0	0	0	0	0	0	0	0	0	0	0	0	0	0	0	0	0	0	0	0	0	0	0	0	0	0	0	0	0	0	0	0	0	0	0	0	0	0	0	0	0	0	0	0	0	0	0	0	0	0	0	0	0	0	0	0	0	0	0	0	0	0	0	0	0	0	0	0	0	0	0	0	0	0	0	0	0	0	0	0	0	0	0	0	0	0	0	0	0	0	0	0	0	0	0	0	0	0	0	0	0	0	0	0	0	0	0	0	0	0	0	0	0	0	0	0	0	0	0	0	0	0	0	0	0	0	0	0	0	0	0	0	0	0	0	0	0	0	0	62	1	62	39	39	39	39	39	39	39	39	39	39	39	39	62	1	1	1	1	62	62	1	1	1	1	1	1	1	1	1	1	1	1	1	1	1	1	1	1	1	1	0	0	0	0	0	73	73	73	73	73	73	73	73	73	73	73	73
0	0	0	0	0	0	0	0	0	0	0	0	0	0	0	0	0	0	0	0	0	0	0	0	0	0	0	0	0	0	0	0	0	0	0	0	0	0	0	0	0	0	0	0	0	0	0	0	0	0	0	0	0	0	0	0	0	0	0	0	0	0	0	0	0	0	0	0	0	0	0	0	0	0	0	0	0	0	0	0	0	0	0	0	0	0	0	0	0	0	0	0	0	0	0	0	0	0	0	0	0	0	0	0	0	0	0	0	0	0	0	0	0	0	0	0	0	0	0	0	0	0	0	0	0	0	0	0	0	0	0	0	0	0	0	0	0	0	0	0	0	0	0	0	0	0	0	0	0	0	0	0	0	0	0	0	0	0	0	0	0	0	0	0	0	0	0	0	0	62	1	62	62	62	62	62	62	62	62	62	62	62	62	62	62	1	1	1	1	62	62	1	1	1	1	1	1	1	1	1	1	1	1	1	1	1	1	1	1	1	1	75	75	75	75	75	75	75	75	75	75	75	75	75	75	75	75	75
0	0	0	0	0	0	0	0	0	0	0	0	0	0	0	0	0	0	0	0	0	0	0	0	0	0	0	0	0	0	0	0	0	0	0	0	0	0	0	0	0	0	0	0	0	0	0	0	0	0	0	0	0	0	0	0	0	0	0	0	0	0	0	0	0	0	0	0	0	0	0	0	0	0	0	0	0	0	0	0	0	0	0	0	0	0	0	0	0	0	0	0	0	0	0	0	0	0	0	0	0	0	0	0	0	0	0	0	0	0	0	0	0	0	0	0	0	0	0	0	0	0	0	0	0	0	0	0	0	0	0	0	0	0	0	0	0	0	0	0	0	0	0	0	0	0	0	0	0	0	0	0	0	0	0	0	0	0	0	0	0	0	0	0	0	0	0	0	0	62	1	1	1	1	1	1	1	1	1	1	1	1	1	1	1	1	1	1	1	62	62	1	1	1	1	1	1	1	1	1	1	1	1	1	1	1	1	1	1	1	1	75	75	75	75	75	75	75	75	75	75	75	75	75	75	75	75	75
0	0	0	0	0	0	0	0	0	0	0	0	0	0	0	0	0	0	0	0	0	0	0	0	0	0	0	0	0	0	0	0	0	0	0	0	0	0	0	0	0	0	0	0	0	0	0	0	0	0	0	0	0	0	0	0	0	0	0	0	0	0	0	0	0	0	0	0	0	0	0	0	0	0	0	0	0	0	0	0	0	0	0	0	0	0	0	0	0	0	0	0	0	0	0	0	0	0	0	0	0	0	0	0	0	0	0	0	0	0	0	0	0	0	0	0	0	0	0	0	0	0	0	0	0	0	0	0	0	0	0	0	0	0	0	0	0	0	0	0	0	0	0	0	0	0	0	0	0	0	0	0	0	0	0	0	0	0	0	0	0	0	0	0	0	0	0	0	0	62	1	1	1	1	1	1	1	1	1	1	1	1	1	1	1	1	1	1	1	62	62	1	1	1	1	1	1	1	1	1	1	1	1	1	1	1	1	1	1	1	1	75	75	75	75	75	75	75	75	75	75	75	75	75	75	75	75	75
0	0	0	0	0	0	0	0	0	0	0	0	0	0	0	0	0	0	0	0	0	0	0	0	0	0	0	0	0	0	0	0	0	0	0	0	0	0	0	0	0	0	0	0	0	0	0	0	0	0	0	0	0	0	0	0	0	0	0	0	0	0	0	0	0	0	0	0	0	0	0	0	0	0	0	0	0	0	0	0	0	0	0	0	0	0	0	0	0	0	0	0	0	0	0	0	0	0	0	0	0	0	0	0	0	0	0	0	0	0	0	0	0	0	0	0	0	0	0	0	0	0	0	0	0	0	0	0	0	0	0	0	0	0	0	0	0	0	0	0	0	0	0	0	0	0	0	0	0	0	0	0	0	0	0	0	0	0	0	0	0	0	0	0	0	0	0	0	0	62	1	1	1	1	1	1	1	1	1	1	1	1	1	1	1	1	1	1	1	62	62	1	1	1	1	1	1	1	1	1	1	1	1	1	1	1	1	1	1	1	1	75	75	75	75	75	75	75	75	75	75	75	75	75	75	75	75	75
0	0	0	0	0	0	0	0	0	0	0	0	0	0	0	0	0	0	0	0	0	0	0	0	0	0	0	0	0	0	0	0	0	0	0	0	0	0	0	0	0	0	0	0	0	0	0	0	0	0	0	0	0	0	0	0	0	0	0	0	0	0	0	0	0	0	0	0	0	0	0	0	0	0	0	0	0	0	0	0	0	0	0	0	0	0	0	0	0	0	0	0	0	0	0	0	0	0	0	0	0	0	0	0	0	0	0	0	0	0	0	0	0	0	0	0	0	0	0	0	0	0	0	0	0	0	0	0	0	0	0	0	0	0	0	0	0	0	0	0	0	0	0	0	0	0	0	0	0	0	0	0	0	0	0	0	0	0	0	0	0	0	0	0	0	0	0	0	0	62	1	1	1	1	62	62	62	62	62	1	1	1	1	1	1	1	1	1	62	62	62	1	1	1	1	1	1	1	1	1	1	1	1	1	1	1	1	1	1	1	1	75	75	75	75	75	75	75	75	75	75	75	75	75	75	75	75	75
0	0	0	0	0	0	0	0	0	0	0	0	0	0	0	0	0	0	0	0	0	0	0	0	0	0	0	0	0	0	0	0	0	0	0	0	0	0	0	0	0	0	0	0	0	0	0	0	0	0	0	0	0	0	0	0	0	0	0	0	0	0	0	0	0	0	0	0	0	0	0	0	0	0	0	0	0	0	0	0	0	0	0	0	0	0	0	0	0	0	0	0	0	0	0	0	0	0	0	0	0	0	0	0	0	0	0	0	0	0	0	0	0	0	0	0	0	0	0	0	0	0	0	0	0	0	0	0	0	0	0	0	0	0	0	0	0	0	0	0	0	0	0	0	0	0	0	0	0	0	0	0	0	0	0	0	0	0	0	0	0	0	0	0	0	0	0	0	0	62	62	62	62	62	62	38	38	37	37	37	37	37	37	37	37	37	37	37	62	62	62	1	1	1	1	1	1	1	1	1	1	1	1	1	1	1	1	1	1	1	1	75	75	75	75	75	75	75	75	75	75	75	75	75	75	75	75	75
0	0	0	0	0	0	0	0	0	0	0	0	0	0	0	0	0	0	0	0	0	0	0	0	0	0	0	0	0	0	0	0	0	0	0	0	0	0	0	0	0	0	0	0	0	0	0	0	0	0	0	0	0	0	0	0	0	0	0	0	0	0	0	0	0	0	0	0	0	0	0	0	0	0	0	0	0	0	0	0	0	0	0	0	0	0	0	0	0	0	0	0	0	0	0	0	0	0	0	0	0	0	0	0	0	0	0	0	0	0	0	0	0	0	0	0	0	0	0	0	0	0	0	0	0	0	0	0	0	0	0	0	0	0	0	0	0	0	0	0	0	0	0	0	0	0	0	0	0	0	0	0	0	0	0	0	0	0	0	0	0	0	0	0	0	0	0	0	0	62	62	62	62	62	62	38	38	37	37	37	37	37	37	37	37	37	37	37	62	62	62	0	1	1	1	1	1	1	1	1	1	1	1	1	1	1	1	1	1	1	1	75	75	75	75	75	75	75	75	75	75	75	75	75	75	75	75	75
0	0	0	0	0	0	0	0	0	0	0	0	0	0	0	0	0	0	0	0	0	0	0	0	0	0	0	0	0	0	0	0	0	0	0	0	0	0	0	0	0	0	0	0	0	0	0	0	0	0	0	0	0	0	0	0	0	0	0	0	0	0	0	0	0	0	0	0	0	0	0	0	0	0	0	0	0	0	0	0	0	0	0	0	0	0	0	0	0	0	0	0	0	0	0	0	0	0	0	0	0	0	0	0	0	0	0	0	0	0	0	0	0	0	0	0	0	0	0	0	0	0	0	0	0	0	0	0	0	0	0	0	0	0	0	0	0	0	0	0	0	0	0	0	0	0	0	0	0	0	0	0	0	0	0	0	0	0	0	0	0	0	0	0	0	0	0	0	0	62	62	62	62	62	62	38	38	37	37	37	37	37	37	37	37	37	37	37	62	62	62	0	1	1	1	1	1	1	1	1	1	1	1	1	1	0	0	0	0	0	0	75	75	75	75	75	75	75	75	75	75	75	75	75	75	75	75	75
0	0	0	0	0	0	0	0	0	0	0	0	0	0	0	0	0	0	0	0	0	0	0	0	0	0	0	0	0	0	0	0	0	0	0	0	0	0	0	0	0	0	0	0	0	0	0	0	0	0	0	0	0	0	0	0	0	0	0	0	0	0	0	0	0	0	0	0	0	0	0	0	0	0	0	0	0	0	0	0	0	0	0	0	0	0	0	0	0	0	0	0	0	0	0	0	0	0	0	0	0	0	0	0	0	0	0	0	0	0	0	0	0	0	0	0	0	0	0	0	0	0	0	0	0	0	0	0	0	0	0	0	0	0	0	0	0	0	0	0	0	0	0	0	0	0	0	0	0	0	0	0	0	0	0	0	0	0	0	0	0	0	0	0	0	0	0	0	0	62	62	62	62	62	62	62	62	37	37	37	37	37	37	37	37	37	37	37	62	62	62	0	1	1	1	1	1	1	1	1	1	1	1	1	1	0	0	0	0	0	0	75	75	75	75	75	75	75	75	75	75	75	75	75	75	75	75	75
0	0	0	0	0	0	0	0	0	0	0	0	0	0	0	0	0	0	0	0	0	0	0	0	0	0	0	0	0	0	0	0	0	0	0	0	0	0	0	0	0	0	0	0	0	0	0	0	0	0	0	0	0	0	0	0	0	0	0	0	0	0	0	0	0	0	0	0	0	0	0	0	0	0	0	0	0	0	0	0	0	0	0	0	0	0	0	0	0	0	0	0	0	0	0	0	0	0	0	0	0	0	0	0	0	0	0	0	0	0	0	0	0	0	0	0	0	0	0	0	0	0	0	0	0	0	0	0	0	0	0	0	0	0	0	0	0	0	0	0	0	0	0	0	0	0	0	0	0	0	0	0	0	0	0	0	0	0	0	0	0	0	0	0	0	0	0	0	0	0	0	0	0	0	0	0	0	0	0	0	0	0	0	0	0	0	0	0	0	0	0	0	1	1	1	1	1	1	1	1	1	1	1	1	1	0	0	0	0	0	0	0	0	0	0	0	0	0	0	0	0	0	0	0	0	0	0	0
0	0	0	0	0	0	0	0	0	0	0	0	0	0	0	0	0	0	0	0	0	0	0	0	0	0	0	0	0	0	0	0	0	0	0	0	0	0	0	0	0	0	0	0	0	0	0	0	0	0	0	0	0	0	0	0	0	0	0	0	0	0	0	0	0	0	0	0	0	0	0	0	0	0	0	0	0	0	0	0	0	0	0	0	0	0	0	0	0	0	0	0	0	0	0	0	0	0	0	0	0	0	0	0	0	0	0	0	0	0	0	0	0	0	0	0	0	0	0	0	0	0	0	0	0	0	0	0	0	0	0	0	0	0	0	0	0	0	0	0	0	0	0	0	0	0	0	0	0	0	0	0	0	0	0	0	0	0	0	0	0	0	0	0	0	0	0	0	72	72	72	72	72	72	72	72	72	72	72	72	72	72	72	72	72	72	72	72	72	72	72	0	1	1	1	1	1	1	1	1	1	1	1	1	1	0	0	0	0	0	0	0	0	0	0	0	0	0	0	0	0	0	0	0	0	0	0	0
0	0	0	0	0	0	0	0	0	0	0	0	0	0	0	0	0	0	0	0	0	0	0	0	0	0	0	0	0	0	0	0	0	0	0	0	0	0	0	0	0	0	0	0	0	0	0	0	0	0	0	0	0	0	0	0	0	0	0	0	0	0	0	0	0	0	0	0	0	0	0	0	0	0	0	0	0	0	0	0	0	0	0	0	0	0	0	0	0	0	0	0	0	0	0	0	0	0	0	0	0	0	0	0	0	0	0	0	0	0	0	0	0	0	0	0	0	0	0	0	0	0	0	0	0	0	0	0	0	0	0	0	0	0	0	0	0	0	0	0	0	0	0	0	0	0	0	0	0	0	0	0	0	0	0	0	0	0	0	0	0	0	0	0	0	0	0	0	72	72	72	72	72	72	72	72	72	72	72	72	72	72	72	72	72	72	72	72	72	72	72	0	1	1	1	1	1	1	1	1	1	1	1	1	1	0	0	77	77	77	77	77	77	77	77	77	77	77	77	77	77	77	77	77	77	77	77	77
0	0	0	0	0	0	0	0	0	0	0	0	0	0	0	0	0	0	0	0	0	0	0	0	0	0	0	0	0	0	0	0	0	0	0	0	0	0	0	0	0	0	0	0	0	0	0	0	0	0	0	0	0	0	0	0	0	0	0	0	0	0	0	0	0	0	0	0	0	0	0	0	0	0	0	0	0	0	0	0	0	0	0	0	0	0	0	0	0	0	0	0	0	0	0	0	0	0	0	0	0	0	0	0	0	0	0	0	0	0	0	0	0	0	0	0	0	0	0	0	0	0	0	0	0	0	0	0	0	0	0	0	0	0	0	0	0	0	0	0	0	0	0	0	0	0	0	0	0	0	0	0	0	0	0	0	0	0	0	0	0	0	0	0	0	0	0	0	72	72	72	72	72	1	1	1	1	1	1	1	1	1	1	1	1	1	1	1	1	72	72	1	1	1	1	1	1	1	1	1	1	1	1	1	1	1	0	77	77	1	1	1	1	1	1	1	1	1	1	1	1	1	1	1	1	1	1	77
0	0	0	0	0	0	0	0	0	0	0	0	0	0	0	0	0	0	0	0	0	0	0	0	0	0	0	0	0	0	0	0	0	0	0	0	0	0	0	0	0	0	0	0	0	0	0	0	0	0	0	0	0	0	0	0	0	0	0	0	0	0	0	0	0	0	0	0	0	0	0	0	0	0	0	0	0	0	0	0	0	0	0	0	0	0	0	0	0	0	0	0	0	0	0	0	0	0	0	0	0	0	0	0	0	0	0	0	0	0	0	0	0	0	0	0	0	0	0	0	0	0	0	0	0	0	0	0	0	0	0	0	0	0	0	0	0	0	0	0	0	0	0	0	0	0	0	0	0	0	0	0	0	0	0	0	0	0	0	0	0	0	0	0	0	0	0	0	72	72	72	72	72	1	1	1	1	1	1	1	1	1	1	1	1	1	1	1	1	72	72	1	1	1	1	1	1	1	1	1	1	1	1	1	1	1	0	77	77	1	1	1	1	1	1	1	1	1	1	1	1	1	1	1	1	1	1	77
0	0	0	0	0	0	0	0	0	0	0	0	0	0	0	0	0	0	0	0	0	0	0	0	0	0	0	0	0	0	0	0	0	0	0	0	0	0	0	0	0	0	0	0	0	0	0	0	0	0	0	0	0	0	0	0	0	0	0	0	0	0	0	0	0	0	0	0	0	0	0	0	0	0	0	0	0	0	0	0	0	0	0	0	0	0	0	0	0	0	0	0	0	0	0	0	0	0	0	0	0	0	0	0	0	0	0	0	0	0	0	0	0	0	0	0	0	0	0	0	0	0	0	0	0	0	0	0	0	0	0	0	0	0	0	0	0	0	0	0	0	0	0	0	0	0	0	0	0	0	0	0	0	0	0	0	0	0	0	0	0	0	0	0	0	0	0	0	72	72	1	1	1	1	1	1	72	72	72	72	72	72	1	1	1	1	1	1	72	72	72	1	1	1	1	1	1	1	1	1	1	1	1	1	1	1	0	77	1	1	1	1	1	1	1	1	1	1	1	1	1	1	1	1	1	1	1	77
0	0	0	0	0	0	0	0	0	0	0	0	0	0	0	0	0	0	0	0	0	0	0	0	0	0	0	0	0	0	0	0	0	0	0	0	0	0	0	0	0	0	0	0	0	0	0	0	0	0	0	0	0	0	0	0	0	0	0	0	0	0	0	0	0	0	0	0	0	0	0	0	0	0	0	0	0	0	0	0	0	0	0	0	0	0	0	0	0	0	0	0	0	0	0	0	0	0	0	0	0	0	0	0	0	0	0	0	0	0	0	0	0	0	0	0	0	0	0	0	0	0	0	0	0	0	0	0	0	0	0	0	0	0	0	0	0	0	0	0	0	0	0	0	0	0	0	0	0	0	0	0	0	0	0	0	0	0	0	0	0	0	0	0	0	0	0	0	72	72	1	1	1	1	1	1	32	32	32	32	32	72	72	72	72	72	1	1	72	72	72	1	1	1	1	1	1	1	1	1	1	1	1	1	1	1	0	77	1	1	1	1	1	1	1	1	1	1	1	1	1	1	1	1	1	1	1	77
0	0	0	0	0	0	0	0	0	0	0	0	0	0	0	0	0	0	0	0	0	0	0	0	0	0	0	0	0	0	0	0	0	0	0	0	0	0	0	0	0	0	0	0	0	0	0	0	0	0	0	0	0	0	0	0	0	0	0	0	0	0	0	0	0	0	0	0	0	0	0	0	0	0	0	0	0	0	0	0	0	0	0	0	0	0	0	0	0	0	0	0	0	0	0	0	0	0	0	0	0	0	0	0	0	0	0	0	0	0	0	0	0	0	0	0	0	0	0	0	0	0	0	0	0	0	0	0	0	0	0	0	0	0	0	0	0	0	0	0	0	0	0	0	0	0	0	0	0	0	0	0	0	0	0	0	0	0	0	0	0	0	0	0	0	0	0	0	72	72	1	1	1	1	1	1	32	32	32	32	32	72	72	72	72	72	1	1	72	72	72	1	1	1	1	1	1	1	1	1	1	1	1	1	1	1	0	77	1	1	1	1	1	1	1	77	77	77	77	77	77	77	77	1	1	1	1	77
0	0	0	0	0	0	0	0	0	0	0	0	0	0	0	0	0	0	0	0	0	0	0	0	0	0	0	0	0	0	0	0	0	0	0	0	0	0	0	0	0	0	0	0	0	0	0	0	0	0	0	0	0	0	0	0	0	0	0	0	0	0	0	0	0	0	0	0	0	0	0	0	0	0	0	0	0	0	0	0	0	0	0	0	0	0	0	0	0	0	0	0	0	0	0	0	0	0	0	0	0	0	0	0	0	0	0	0	0	0	0	0	0	0	0	0	0	0	0	0	0	0	0	0	0	0	0	0	0	0	0	0	0	0	0	0	0	0	0	0	0	0	0	0	0	0	0	0	0	0	0	0	0	0	0	0	0	0	0	0	0	0	0	0	0	0	0	0	72	72	1	1	1	1	32	32	32	32	32	32	32	72	72	72	72	72	1	1	1	1	1	1	1	1	1	1	1	1	1	1	1	1	1	1	1	1	0	77	1	1	1	1	1	1	1	77	27	27	27	27	27	27	77	1	1	1	1	77
0	0	0	0	0	0	0	0	0	0	0	0	0	0	0	0	0	0	0	0	0	0	0	0	0	0	0	0	0	0	0	0	0	0	0	0	0	0	0	0	0	0	0	0	0	0	0	0	0	0	0	0	0	0	0	0	0	0	0	0	0	0	0	0	0	0	0	0	0	0	0	0	0	0	0	0	0	0	0	0	0	0	0	0	0	0	0	0	0	0	0	0	0	0	0	0	0	0	0	0	0	0	0	0	0	0	0	0	0	0	0	0	0	0	0	0	0	0	0	0	0	0	0	0	0	0	0	0	0	0	0	0	0	0	0	0	0	0	0	0	0	0	0	0	0	0	0	0	0	0	0	0	0	0	0	0	0	0	0	0	0	0	0	0	0	0	0	0	72	72	1	1	1	1	32	32	32	32	32	32	32	72	72	72	72	72	1	1	1	1	1	1	1	1	1	1	1	1	1	1	1	1	1	1	1	1	0	77	1	1	77	77	77	77	77	77	27	27	27	27	27	27	77	1	1	1	1	77
0	0	0	0	0	0	0	0	0	0	0	0	0	0	0	0	0	0	0	0	0	0	0	0	0	0	0	0	0	0	0	0	0	0	0	0	0	0	0	0	0	0	0	0	0	0	0	0	0	0	0	0	0	0	0	0	0	0	0	0	0	0	0	0	0	0	0	0	0	0	0	0	0	0	0	0	0	0	0	0	0	0	0	0	0	0	0	0	0	0	0	0	0	0	0	0	0	0	0	0	0	0	0	0	0	0	0	0	0	0	0	0	0	0	0	0	0	0	0	0	0	0	0	0	0	0	0	0	0	0	0	0	0	0	0	0	0	0	0	0	0	0	0	0	0	0	0	0	0	0	0	0	0	0	0	0	0	0	0	0	0	0	0	0	0	0	0	0	72	72	1	1	1	1	32	32	32	32	32	32	32	72	72	72	72	72	1	1	1	72	72	0	1	1	1	1	1	1	1	1	1	1	1	1	1	0	0	77	1	1	77	77	77	77	77	77	27	27	27	27	27	27	77	77	77	77	1	77
0	0	0	0	0	0	0	0	0	0	0	0	0	0	0	0	0	0	0	0	0	0	0	0	0	0	0	0	0	0	0	0	0	0	0	0	0	0	0	0	0	0	0	0	0	0	0	0	0	0	0	0	0	0	0	0	0	0	0	0	0	0	0	0	0	0	0	0	0	0	0	0	0	0	0	0	0	0	0	0	0	0	0	0	0	0	0	0	0	0	0	0	0	0	0	0	0	0	0	0	0	0	0	0	0	0	0	0	0	0	0	0	0	0	0	0	0	0	0	0	0	0	0	0	0	0	0	0	0	0	0	0	0	0	0	0	0	0	0	0	0	0	0	0	0	0	0	0	0	0	0	0	0	0	0	0	0	0	0	0	0	0	0	0	0	0	0	0	72	72	1	1	1	1	32	32	32	32	32	32	32	72	72	72	72	72	1	1	1	72	72	0	1	1	1	1	1	1	1	1	1	1	1	1	1	0	0	77	1	1	77	77	77	77	77	77	27	27	27	27	27	27	77	77	77	77	1	77
0	0	0	0	0	0	0	0	0	0	0	0	0	0	0	0	0	0	0	0	0	0	0	0	0	0	0	0	0	0	0	0	0	0	0	0	0	0	0	0	0	0	0	0	0	0	0	0	0	0	0	0	0	0	0	0	0	0	0	0	0	0	0	0	0	0	0	0	0	0	0	0	0	0	0	0	0	0	0	0	0	0	0	0	0	0	0	0	0	0	0	0	0	0	0	0	0	0	0	0	0	0	0	0	0	0	0	0	0	0	0	0	0	0	0	0	0	0	0	0	0	0	0	0	0	0	0	0	0	0	0	0	0	0	0	0	0	0	0	0	0	0	0	0	0	0	0	0	0	0	0	0	0	0	0	0	0	0	0	0	0	0	0	0	0	0	0	0	72	72	72	72	32	32	32	32	32	32	32	32	32	72	72	72	72	72	1	1	1	72	72	0	1	1	1	1	1	1	1	1	1	1	1	1	1	0	0	77	1	1	77	77	77	77	77	77	77	77	77	77	77	77	77	77	77	77	1	77
0	0	0	0	0	0	0	0	0	0	0	0	0	0	0	0	0	0	0	0	0	0	0	0	0	0	0	0	0	0	0	0	0	0	0	0	0	0	0	0	0	0	0	0	0	0	0	0	0	0	0	0	0	0	0	0	0	0	0	0	0	0	0	0	0	0	0	0	0	0	0	0	0	0	0	0	0	0	0	0	0	0	0	0	0	0	0	0	0	0	0	0	0	0	0	0	0	0	0	0	0	0	0	0	0	0	0	0	0	0	0	0	0	0	0	0	0	0	0	0	0	0	0	0	0	0	0	0	0	0	0	0	0	0	0	0	0	0	0	0	0	0	0	0	0	0	0	0	0	0	0	0	0	0	0	0	0	0	0	0	0	0	0	0	0	0	0	0	72	72	72	72	32	32	32	32	32	32	32	32	32	72	72	72	72	72	1	1	1	72	72	1	1	1	1	1	1	1	1	1	1	1	1	1	1	0	0	77	1	1	77	77	77	77	77	77	77	77	77	77	77	77	77	77	77	77	1	77
0	0	0	0	0	0	0	0	0	0	0	0	0	0	0	0	0	0	0	0	0	0	0	0	0	0	0	0	0	0	0	0	0	0	0	0	0	0	0	0	0	0	0	0	0	0	0	0	0	0	0	0	0	0	0	0	0	0	0	0	0	0	0	0	0	0	0	0	0	0	0	0	0	0	0	0	0	0	0	0	0	0	0	0	0	0	0	0	0	0	0	0	0	0	0	0	0	0	0	0	0	0	0	0	0	0	0	0	0	0	0	0	0	0	0	0	0	0	0	0	0	0	0	0	0	0	0	0	0	0	0	0	0	0	0	0	0	0	0	0	0	0	0	0	0	0	0	0	0	0	0	0	0	0	0	0	0	0	0	0	0	0	0	0	0	0	0	0	72	72	72	72	32	32	32	32	32	32	32	32	32	72	1	1	1	1	1	1	1	72	72	1	1	1	1	1	1	1	1	1	1	1	1	1	1	0	0	77	1	1	77	77	77	77	77	77	77	77	77	77	77	77	77	77	77	77	1	77
0	0	0	0	0	0	0	0	0	0	0	0	0	0	0	0	0	0	0	0	0	0	0	0	0	0	0	0	0	0	0	0	0	0	0	0	0	0	0	0	0	0	0	0	0	0	0	0	0	0	0	0	0	0	0	0	0	0	0	0	0	0	0	0	0	0	0	0	0	0	0	0	0	0	0	0	0	0	0	0	0	0	0	0	0	0	0	0	0	0	0	0	0	0	0	0	0	0	0	0	0	0	0	0	0	0	0	0	0	0	0	0	0	0	0	0	0	0	0	0	0	0	0	0	0	0	0	0	0	0	0	0	0	0	0	0	0	0	0	0	0	0	0	0	0	0	0	0	0	0	0	0	0	0	0	0	0	0	0	0	0	0	0	0	0	0	0	0	72	72	72	72	32	32	32	32	32	32	32	32	32	72	72	72	72	72	72	72	72	72	72	0	0	1	1	1	1	1	1	1	1	1	1	1	1	1	1	1	1	1	77	77	77	77	77	77	77	77	77	77	77	77	77	77	77	77	1	77
0	0	0	0	0	0	0	0	0	0	0	0	0	0	0	0	0	0	0	0	0	0	0	0	0	0	0	0	0	0	0	0	0	0	0	0	0	0	0	0	0	0	0	0	0	0	0	0	0	0	0	0	0	0	0	0	0	0	0	0	0	0	0	0	0	0	0	0	0	0	0	0	0	0	0	0	0	0	0	0	0	0	0	0	0	0	0	0	0	0	0	0	0	0	0	0	0	0	0	0	0	0	0	0	0	0	0	0	0	0	0	0	0	0	0	0	0	0	0	0	0	0	0	0	0	0	0	0	0	0	0	0	0	0	0	0	0	0	0	0	0	0	0	0	0	0	0	0	0	0	0	0	0	0	0	0	0	0	0	0	0	0	0	0	0	0	0	0	70	70	70	11	11	11	11	11	11	11	11	11	32	70	70	70	70	70	70	70	70	70	70	0	0	1	1	1	1	1	1	1	1	1	1	1	1	1	1	1	1	1	77	77	77	77	77	77	77	77	77	77	77	77	77	77	77	77	1	77
0	0	0	0	0	0	0	0	0	0	0	0	0	0	0	0	0	0	0	0	0	0	0	0	0	0	0	0	0	0	0	0	0	0	0	0	0	0	0	0	0	0	0	0	0	0	0	0	0	0	0	0	0	0	0	0	0	0	0	0	0	0	0	0	0	0	0	0	0	0	0	0	0	0	0	0	0	0	0	0	0	0	0	0	0	0	0	0	0	0	0	0	0	0	0	0	0	0	0	0	0	0	0	0	0	0	0	0	0	0	0	0	0	0	0	0	0	0	0	0	0	0	0	0	0	0	0	0	0	0	0	0	0	0	0	0	0	0	0	0	0	0	0	0	0	0	0	0	0	0	0	0	0	0	0	0	0	0	0	0	0	0	0	0	0	0	0	0	70	70	70	11	11	11	11	11	11	11	11	11	70	70	70	70	70	70	70	70	70	70	70	0	0	1	1	1	1	1	1	1	1	1	1	1	1	1	1	1	1	1	77	77	77	77	77	77	77	77	77	77	77	77	77	1	1	1	1	77
0	0	0	0	0	0	0	0	0	0	0	0	0	0	0	0	0	0	0	0	0	0	0	0	0	0	0	0	0	0	0	0	0	0	0	0	0	0	0	0	0	0	0	0	0	0	0	0	0	0	0	0	0	0	0	0	0	0	0	0	0	0	0	0	0	0	0	0	0	0	0	0	0	0	0	0	0	0	0	0	0	0	0	0	0	0	0	0	0	0	0	0	0	0	0	0	0	0	0	0	0	0	0	0	0	0	0	0	0	0	0	0	0	0	0	0	0	0	0	0	0	0	0	0	0	0	0	0	0	0	0	0	0	0	0	0	0	0	0	0	0	0	0	0	0	0	0	0	0	0	0	0	0	0	0	0	0	0	0	0	0	0	0	0	0	0	0	0	70	70	70	11	11	11	11	11	11	11	11	11	70	1	1	1	1	1	1	1	1	70	70	1	1	1	1	1	1	1	1	1	1	1	1	1	1	1	0	77	77	1	1	1	1	1	1	1	1	1	1	1	1	1	1	1	1	1	1	77
0	0	0	0	0	0	0	0	0	0	0	0	0	0	0	0	0	0	0	0	0	0	0	0	0	0	0	0	0	0	0	0	0	0	0	0	0	0	0	0	0	0	0	0	0	0	0	0	0	0	0	0	0	0	0	0	0	0	0	0	0	0	0	0	0	0	0	0	0	0	0	0	0	0	0	0	0	0	0	0	0	0	0	0	0	0	0	0	0	0	0	0	0	0	0	0	0	0	0	0	0	0	0	0	0	0	0	0	0	0	0	0	0	0	0	0	0	0	0	0	0	0	0	0	0	0	0	0	0	0	0	0	0	0	0	0	0	0	0	0	0	0	0	0	0	0	0	0	0	0	0	0	0	0	0	0	0	0	0	0	0	0	0	0	0	0	0	0	70	70	70	11	11	11	11	11	11	11	11	11	70	1	1	1	1	1	1	1	1	70	70	1	1	1	1	1	1	1	1	1	1	1	1	1	1	1	0	77	77	1	1	77	77	77	77	77	77	77	77	77	77	77	77	77	77	1	1	77
0	0	0	0	0	0	0	0	0	0	0	0	0	0	0	0	0	0	0	0	0	0	0	0	0	0	0	0	0	0	0	0	0	0	0	0	0	0	0	0	0	0	0	0	0	0	0	0	0	0	0	0	0	0	0	0	0	0	0	0	0	0	0	0	0	0	0	0	0	0	0	0	0	0	0	0	0	0	0	0	0	0	0	0	0	0	0	0	0	0	0	0	0	0	0	0	0	0	0	0	0	0	0	0	0	0	0	0	0	0	0	0	0	0	0	0	0	0	0	0	0	0	0	0	0	0	0	0	0	0	0	0	0	0	0	0	0	0	0	0	0	0	0	0	0	0	0	0	0	0	0	0	0	0	0	0	0	0	0	0	0	0	0	0	0	0	0	0	70	70	1	1	11	11	11	11	11	11	11	11	70	1	1	1	1	1	1	1	70	70	70	1	1	1	1	1	1	1	1	1	1	1	1	1	1	1	0	77	77	1	1	77	26	26	26	26	26	26	26	26	26	26	26	26	77	1	1	77
0	0	0	0	0	0	0	0	0	0	0	0	0	0	0	0	0	0	0	0	0	0	0	0	0	0	0	0	0	0	0	0	0	0	0	0	0	0	0	0	0	0	0	0	0	0	0	0	0	0	0	0	0	0	0	0	0	0	0	0	0	0	0	0	0	0	0	0	0	0	0	0	0	0	0	0	0	0	0	0	0	0	0	0	0	0	0	0	0	0	0	0	0	0	0	0	0	0	0	0	0	0	0	0	0	0	0	0	0	0	0	0	0	0	0	0	0	0	0	0	0	0	0	0	0	0	0	0	0	0	0	0	0	0	0	0	0	0	0	0	0	0	0	0	0	0	0	0	0	0	0	0	0	0	0	0	0	0	0	0	0	0	0	0	0	0	0	0	70	70	1	1	11	11	11	11	11	11	11	11	70	1	1	1	1	1	1	1	70	70	70	1	1	1	1	1	1	1	1	1	1	1	1	1	1	1	0	77	77	1	1	77	26	26	26	26	26	26	26	26	26	26	26	26	77	1	1	77
0	0	0	0	0	0	0	0	0	0	0	0	0	0	0	0	0	0	0	0	0	0	0	0	0	0	0	0	0	0	0	0	0	0	0	0	0	0	0	0	0	0	0	0	0	0	0	0	0	0	0	0	0	0	0	0	0	0	0	0	0	0	0	0	0	0	0	0	0	0	0	0	0	0	0	0	0	0	0	0	0	0	0	0	0	0	0	0	0	0	0	0	0	0	0	0	0	0	0	0	0	0	0	0	0	0	0	0	0	0	0	0	0	0	0	0	0	0	0	0	0	0	0	0	0	0	0	0	0	0	0	0	0	0	0	0	0	0	0	0	0	0	0	0	0	0	0	0	0	0	0	0	0	0	0	0	0	0	0	0	0	0	0	0	0	0	0	0	70	70	1	1	11	11	11	11	11	11	11	11	70	1	1	1	1	1	1	1	70	70	70	1	1	1	1	1	1	1	1	1	1	1	1	1	1	1	0	77	77	1	1	77	26	26	26	26	26	26	26	26	26	26	26	26	77	1	1	77
0	0	0	0	0	0	0	0	0	0	0	0	0	0	0	0	0	0	0	0	0	0	0	0	0	0	0	0	0	0	0	0	0	0	0	0	0	0	0	0	0	0	0	0	0	0	0	0	0	0	0	0	0	0	0	0	0	0	0	0	0	0	0	0	0	0	0	0	0	0	0	0	0	0	0	0	0	0	0	0	0	0	0	0	0	0	0	0	0	0	0	0	0	0	0	0	0	0	0	0	0	0	0	0	0	0	0	0	0	0	0	0	0	0	0	0	0	0	0	0	0	0	0	0	0	0	0	0	0	0	0	0	0	0	0	0	0	0	0	0	0	0	0	0	0	0	0	0	0	0	0	0	0	0	0	0	0	0	0	0	0	0	0	0	0	0	0	0	70	70	1	1	11	11	11	11	11	11	11	11	70	1	1	1	1	1	1	1	1	1	1	1	1	1	1	1	1	1	1	1	1	1	1	1	1	1	0	77	1	1	1	77	26	26	26	26	26	26	26	26	26	26	26	26	77	1	1	77
0	0	0	0	0	0	0	0	0	0	0	0	0	0	0	0	0	0	0	0	0	0	0	0	0	0	0	0	0	0	0	0	0	0	0	0	0	0	0	0	0	0	0	0	0	0	0	0	0	0	0	0	0	0	0	0	0	0	0	0	0	0	0	0	0	0	0	0	0	0	0	0	0	0	0	0	0	0	0	0	0	0	0	0	0	0	0	0	0	0	0	0	0	0	0	0	0	0	0	0	0	0	0	0	0	0	0	0	0	0	0	0	0	0	0	0	0	0	0	0	0	0	0	0	0	0	0	0	0	0	0	0	0	0	0	0	0	0	0	0	0	0	0	0	0	0	0	0	0	0	0	0	0	0	0	0	0	0	0	0	0	0	0	0	0	0	0	0	70	70	1	1	1	1	11	11	11	11	11	11	70	1	1	1	1	1	1	1	1	1	1	1	1	1	1	1	1	1	1	1	1	1	1	1	1	1	0	77	1	1	1	77	77	77	77	77	77	77	77	77	77	77	77	77	77	1	1	77
0	0	0	0	0	0	0	0	0	0	0	0	0	0	0	0	0	0	0	0	0	0	0	0	0	0	0	0	0	0	0	0	0	0	0	0	0	0	0	0	0	0	0	0	0	0	0	0	0	0	0	0	0	0	0	0	0	0	0	0	0	0	0	0	0	0	0	0	0	0	0	0	0	0	0	0	0	0	0	0	0	0	0	0	0	0	0	0	0	0	0	0	0	0	0	0	0	0	0	0	0	0	0	0	0	0	0	0	0	0	0	0	0	0	0	0	0	0	0	0	0	0	0	0	0	0	0	0	0	0	0	0	0	0	0	0	0	0	0	0	0	0	0	0	0	0	0	0	0	0	0	0	0	0	0	0	0	0	0	0	0	0	0	0	0	0	0	0	70	70	1	1	1	1	11	11	11	11	11	11	70	1	1	1	1	1	1	1	1	70	70	0	1	1	1	1	1	1	1	1	1	1	1	1	1	1	0	77	1	1	1	77	77	77	77	77	77	77	77	77	77	77	77	77	1	1	1	77
0	0	0	0	0	0	0	0	0	0	0	0	0	0	0	0	0	0	0	0	0	0	0	0	0	0	0	0	0	0	0	0	0	0	0	0	0	0	0	0	0	0	0	0	0	0	0	0	0	0	0	0	0	0	0	0	0	0	0	0	0	0	0	0	0	0	0	0	0	0	0	0	0	0	0	0	0	0	0	0	0	0	0	0	0	0	0	0	0	0	0	0	0	0	0	0	0	0	0	0	0	0	0	0	0	0	0	0	0	0	0	0	0	0	0	0	0	0	0	0	0	0	0	0	0	0	0	0	0	0	0	0	0	0	0	0	0	0	0	0	0	0	0	0	0	0	0	0	0	0	0	0	0	0	0	0	0	0	0	0	0	0	0	0	0	0	0	0	70	70	1	1	1	1	70	70	70	70	70	70	70	1	1	1	1	1	1	1	1	70	70	0	1	1	1	1	1	1	1	1	1	1	1	1	1	1	0	77	1	1	1	77	77	77	77	77	77	77	77	77	77	77	77	77	1	1	1	77
0	0	0	0	0	0	0	0	0	0	0	0	0	0	0	0	0	0	0	0	0	0	0	0	0	0	0	0	0	0	0	0	0	0	0	0	0	0	0	0	0	0	0	0	0	0	0	0	0	0	0	0	0	0	0	0	0	0	0	0	0	0	0	0	0	0	0	0	0	0	0	0	0	0	0	0	0	0	0	0	0	0	0	0	0	0	0	0	0	0	0	0	0	0	0	0	0	0	0	0	0	0	0	0	0	0	0	0	0	0	0	0	0	0	0	0	0	0	0	0	0	0	0	0	0	0	0	0	0	0	0	0	0	0	0	0	0	0	0	0	0	0	0	0	0	0	0	0	0	0	0	0	0	0	0	0	0	0	0	0	0	0	0	0	0	0	0	0	70	70	1	1	1	1	1	1	1	1	1	1	1	1	1	1	1	1	1	1	1	70	70	0	1	1	1	1	1	1	1	1	1	1	1	1	1	1	0	77	1	1	1	1	1	1	1	1	1	1	1	1	1	1	1	1	1	1	1	77
0	0	0	0	0	0	0	0	0	0	0	0	0	0	0	0	0	0	0	0	0	0	0	0	0	0	0	0	0	0	0	0	0	0	0	0	0	0	0	0	0	0	0	0	0	0	0	0	0	0	0	0	0	0	0	0	0	0	0	0	0	0	0	0	0	0	0	0	0	0	0	0	0	0	0	0	0	0	0	0	0	0	0	0	0	0	0	0	0	0	0	0	0	0	0	0	0	0	0	0	0	0	0	0	0	0	0	0	0	0	0	0	0	0	0	0	0	0	0	0	0	0	0	0	0	0	0	0	0	0	0	0	0	0	0	0	0	0	0	0	0	0	0	0	0	0	0	0	0	0	0	0	0	0	0	0	0	0	0	0	0	0	0	0	0	0	0	0	70	70	70	70	70	70	70	70	70	70	1	1	1	1	1	1	1	1	1	1	1	70	70	1	1	1	1	1	1	1	1	1	1	1	1	1	1	1	0	77	77	77	77	77	77	77	77	77	77	77	77	77	77	77	1	1	1	1	1	77
0	0	0	0	0	0	0	0	0	0	0	0	0	0	0	0	0	0	0	0	0	0	0	0	0	0	0	0	0	0	0	0	0	0	0	0	0	0	0	0	0	0	0	0	0	0	0	0	0	0	0	0	0	0	0	0	0	0	0	0	0	0	0	0	0	0	0	0	0	0	0	0	0	0	0	0	0	0	0	0	0	0	0	0	0	0	0	0	0	0	0	0	0	0	0	0	0	0	0	0	0	0	0	0	0	0	0	0	0	0	0	0	0	0	0	0	0	0	0	0	0	0	0	0	0	0	0	0	0	0	0	0	0	0	0	0	0	0	0	0	0	0	0	0	0	0	0	0	0	0	0	0	0	0	0	0	0	0	0	0	0	0	0	0	0	0	0	0	70	70	70	70	70	70	70	70	70	70	1	1	1	1	1	1	1	1	1	1	1	70	70	1	1	1	1	1	1	1	1	1	1	1	1	1	1	0	0	77	77	77	77	77	77	77	77	77	77	77	77	77	77	77	77	77	77	77	77	77
0	0	0	0	0	0	0	0	0	0	0	0	0	0	0	0	0	0	0	0	0	0	0	0	0	0	0	0	0	0	0	0	0	0	0	0	0	0	0	0	0	0	0	0	0	0	0	0	0	0	0	0	0	0	0	0	0	0	0	0	0	0	0	0	0	0	0	0	0	0	0	0	0	0	0	0	0	0	0	0	0	0	0	0	0	0	0	0	0	0	0	0	0	0	0	0	0	0	0	0	0	0	0	0	0	0	0	0	0	0	0	0	0	0	0	0	0	0	0	0	0	0	0	0	0	0	0	0	0	0	0	0	0	0	0	0	0	0	0	0	0	0	0	0	0	0	0	0	0	0	0	0	0	0	0	0	0	0	0	0	0	0	0	0	0	0	0	0	70	70	70	70	70	70	70	70	70	70	70	70	70	70	70	70	70	70	70	70	70	70	70	0	1	1	1	1	1	1	1	1	1	1	1	1	1	0	0	77	77	77	77	77	77	77	77	77	77	77	77	77	77	77	77	77	77	77	77	77
0	0	0	0	0	0	0	0	0	0	0	0	0	0	0	0	0	0	0	0	0	0	0	0	0	0	0	0	0	0	0	0	0	0	0	0	0	0	0	0	0	0	0	0	0	0	0	0	0	0	0	0	0	0	0	0	0	0	0	0	0	0	0	0	0	0	0	0	0	0	0	0	0	0	0	0	0	0	0	0	0	0	0	0	0	0	0	0	0	0	0	0	0	0	0	0	0	0	0	0	0	0	0	0	0	0	0	0	0	0	0	0	0	0	0	0	0	0	0	0	0	0	0	0	0	0	0	0	0	0	0	0	0	0	0	0	0	0	0	0	0	0	0	0	0	0	0	0	0	0	0	0	0	0	0	0	0	0	0	0	0	0	0	0	0	0	0	0	70	70	70	70	70	70	70	70	70	70	70	70	70	70	70	70	70	70	70	70	70	70	70	0	1	1	1	1	1	1	1	1	1	1	1	1	1	0	0	77	77	77	77	77	77	77	77	77	77	77	77	77	77	77	77	77	77	77	77	77
0	0	0	0	0	0	0	0	0	0	0	0	0	0	0	0	0	0	0	0	0	0	0	0	0	0	0	0	0	0	0	0	0	0	0	0	0	0	0	0	0	0	0	0	0	0	0	0	0	0	0	0	0	0	0	0	0	0	0	0	0	0	0	0	0	0	0	0	0	0	0	0	0	0	0	0	0	0	0	0	0	0	0	0	0	0	0	0	0	0	0	0	0	0	0	0	0	0	0	0	0	0	0	0	0	0	0	0	0	0	0	0	0	0	0	0	0	0	0	0	0	0	0	0	0	0	0	0	0	0	0	0	0	0	0	0	0	0	0	0	0	0	0	0	0	0	0	0	0	0	0	0	0	0	0	0	0	0	0	0	0	0	0	0	0	0	0	0	0	0	0	0	0	0	0	0	0	0	0	0	0	0	0	0	0	0	0	0	0	0	0	0	1	1	1	1	1	1	1	1	1	1	1	1	1	0	0	0	0	0	0	0	0	0	0	0	0	0	0	0	0	0	0	0	0	0	0	0
0	0	0	0	0	0	0	0	0	0	0	0	0	0	0	0	0	0	0	0	0	0	0	0	0	0	0	0	0	0	0	0	0	0	0	0	0	0	0	0	0	0	0	0	0	0	0	0	0	0	0	0	0	0	0	0	0	0	0	0	0	0	0	0	0	0	0	0	0	0	0	0	0	0	0	0	0	0	0	0	0	0	0	0	0	0	0	0	0	0	0	0	0	0	0	0	0	0	0	0	0	0	0	0	0	0	0	0	0	0	0	0	0	0	0	0	0	0	0	0	0	0	0	0	0	0	0	0	0	0	0	0	0	0	0	0	0	0	0	0	0	0	0	0	0	0	0	0	0	0	0	0	0	0	0	0	0	0	0	0	0	0	0	0	0	0	0	0	0	0	0	0	0	0	0	0	0	0	0	0	0	0	0	0	0	0	0	0	0	0	0	0	1	1	1	1	1	1	1	1	1	1	1	1	1	0	0	0	0	0	0	0	0	0	0	0	0	0	0	0	0	0	0	0	0	0	0	0
0	0	0	0	0	0	0	0	0	0	0	0	0	0	0	0	0	0	0	0	0	0	0	0	0	0	0	0	0	0	0	0	0	0	0	0	0	0	0	0	0	0	0	0	0	0	0	0	0	0	0	0	0	0	0	0	0	0	0	0	0	0	0	0	0	0	0	0	0	0	0	0	0	0	0	0	0	0	0	0	0	0	0	0	0	0	0	0	0	0	0	0	0	0	0	0	0	0	0	0	0	0	0	0	0	0	0	0	0	0	0	0	0	0	0	0	0	0	0	0	0	0	0	0	0	0	0	0	0	0	0	0	0	0	0	0	0	0	0	0	0	0	0	0	0	0	0	0	0	0	0	0	0	0	0	0	0	0	0	0	0	0	0	0	0	0	0	0	78	78	78	78	78	78	78	78	78	78	78	78	78	78	78	78	78	78	78	78	78	78	0	0	1	1	1	1	1	1	1	1	1	1	1	1	1	0	0	74	74	74	74	74	74	74	74	74	74	74	74	74	74	74	74	74	74	74	74	74
0	0	0	0	0	0	0	0	0	0	0	0	0	0	0	0	0	0	0	0	0	0	0	0	0	0	0	0	0	0	0	0	0	0	0	0	0	0	0	0	0	0	0	0	0	0	0	0	0	0	0	0	0	0	0	0	0	0	0	0	0	0	0	0	0	0	0	0	0	0	0	0	0	0	0	0	0	0	0	0	0	0	0	0	0	0	0	0	0	0	0	0	0	0	0	0	0	0	0	0	0	0	0	0	0	0	0	0	0	0	0	0	0	0	0	0	0	0	0	0	0	0	0	0	0	0	0	0	0	0	0	0	0	0	0	0	0	0	0	0	0	0	0	0	0	0	0	0	0	0	0	0	0	0	0	0	0	0	0	0	0	0	0	0	0	0	0	0	78	78	78	78	78	78	78	78	78	78	78	78	78	78	78	78	78	78	78	78	78	78	0	0	1	1	1	1	1	1	1	1	1	1	1	1	1	0	0	74	74	74	74	74	74	74	74	74	74	74	74	74	74	74	74	74	74	74	74	74
0	0	0	0	0	0	0	0	0	0	0	0	0	0	0	0	0	0	0	0	0	0	0	0	0	0	0	0	0	0	0	0	0	0	0	0	0	0	0	0	0	0	0	0	0	0	0	0	0	0	0	0	0	0	0	0	0	0	0	0	0	0	0	0	0	0	0	0	0	0	0	0	0	0	0	0	0	0	0	0	0	0	0	0	0	0	0	0	0	0	0	0	0	0	0	0	0	0	0	0	0	0	0	0	0	0	0	0	0	0	0	0	0	0	0	0	0	0	0	0	0	0	0	0	0	0	0	0	0	0	0	0	0	0	0	0	0	0	0	0	0	0	0	0	0	0	0	0	0	0	0	0	0	0	0	0	0	0	0	0	0	0	0	0	0	0	0	0	78	78	78	78	78	1	1	1	1	78	78	78	78	78	1	1	1	1	78	78	78	78	0	0	1	1	1	1	1	1	1	1	1	1	1	1	1	1	0	74	74	74	74	74	74	74	74	74	74	74	74	74	74	74	74	74	74	74	74	74
0	0	0	0	0	0	0	0	0	0	0	0	0	0	0	0	0	0	0	0	0	0	0	0	0	0	0	0	0	0	0	0	0	0	0	0	0	0	0	0	0	0	0	0	0	0	0	0	0	0	0	0	0	0	0	0	0	0	0	0	0	0	0	0	0	0	0	0	0	0	0	0	0	0	0	0	0	0	0	0	0	0	0	0	0	0	0	0	0	0	0	0	0	0	0	0	0	0	0	0	0	0	0	0	0	0	0	0	0	0	0	0	0	0	0	0	0	0	0	0	0	0	0	0	0	0	0	0	0	0	0	0	0	0	0	0	0	0	0	0	0	0	0	0	0	0	0	0	0	0	0	0	0	0	0	0	0	0	0	0	0	0	0	0	0	0	0	0	78	78	78	78	78	1	1	1	1	78	78	78	78	78	1	1	1	1	78	78	78	78	0	1	1	1	1	1	1	1	1	1	1	1	1	1	1	1	0	19	19	19	19	19	19	19	19	74	1	1	1	74	22	22	22	22	22	22	22	22
0	0	0	0	0	0	0	0	0	0	0	0	0	0	0	0	0	0	0	0	0	0	0	0	0	0	0	0	0	0	0	0	0	0	0	0	0	0	0	0	0	0	0	0	0	0	0	0	0	0	0	0	0	0	0	0	0	0	0	0	0	0	0	0	0	0	0	0	0	0	0	0	0	0	0	0	0	0	0	0	0	0	0	0	0	0	0	0	0	0	0	0	0	0	0	0	0	0	0	0	0	0	0	0	0	0	0	0	0	0	0	0	0	0	0	0	0	0	0	0	0	0	0	0	0	0	0	0	0	0	0	0	0	0	0	0	0	0	0	0	0	0	0	0	0	0	0	0	0	0	0	0	0	0	0	0	0	0	0	0	0	0	0	0	0	0	0	0	78	78	1	1	1	1	1	1	1	78	78	78	78	78	1	1	1	1	1	1	1	78	0	1	1	1	1	1	1	1	1	1	1	1	1	1	1	1	0	19	19	19	19	19	19	19	19	74	1	1	1	74	22	22	22	22	22	22	22	22
0	0	0	0	0	0	0	0	0	0	0	0	0	0	0	0	0	0	0	0	0	0	0	0	0	0	0	0	0	0	0	0	0	0	0	0	0	0	0	0	0	0	0	0	0	0	0	0	0	0	0	0	0	0	0	0	0	0	0	0	0	0	0	0	0	0	0	0	0	0	0	0	0	0	0	0	0	0	0	0	0	0	0	0	0	0	0	0	0	0	0	0	0	0	0	0	0	0	0	0	0	0	0	0	0	0	0	0	0	0	0	0	0	0	0	0	0	0	0	0	0	0	0	0	0	0	0	0	0	0	0	0	0	0	0	0	0	0	0	0	0	0	0	0	0	0	0	0	0	0	0	0	0	0	0	0	0	0	0	0	0	0	0	0	0	0	0	0	78	78	1	1	1	1	1	78	78	78	78	78	78	78	78	1	1	1	1	1	1	78	0	1	1	1	1	1	1	1	1	1	1	1	1	1	1	1	0	19	19	19	19	19	19	19	19	74	1	1	1	74	22	22	22	22	22	22	22	22
0	0	0	0	0	0	0	0	0	0	0	0	0	0	0	0	0	0	0	0	0	0	0	0	0	0	0	0	0	0	0	0	0	0	0	0	0	0	0	0	0	0	0	0	0	0	0	0	0	0	0	0	0	0	0	0	0	0	0	0	0	0	0	0	0	0	0	0	0	0	0	0	0	0	0	0	0	0	0	0	0	0	0	0	0	0	0	0	0	0	0	0	0	0	0	0	0	0	0	0	0	0	0	0	0	0	0	0	0	0	0	0	0	0	0	0	0	0	0	0	0	0	0	0	0	0	0	0	0	0	0	0	0	0	0	0	0	0	0	0	0	0	0	0	0	0	0	0	0	0	0	0	0	0	0	0	0	0	0	0	0	0	0	0	0	0	0	0	78	78	1	1	1	1	1	78	44	44	44	44	44	44	78	1	1	1	1	1	1	78	0	1	1	1	1	1	1	1	1	1	1	1	1	1	1	1	0	19	19	19	19	19	19	19	19	74	1	1	1	74	22	22	22	22	22	22	22	22
0	0	0	0	0	0	0	0	0	0	0	0	0	0	0	0	0	0	0	0	0	0	0	0	0	0	0	0	0	0	0	0	0	0	0	0	0	0	0	0	0	0	0	0	0	0	0	0	0	0	0	0	0	0	0	0	0	0	0	0	0	0	0	0	0	0	0	0	0	0	0	0	0	0	0	0	0	0	0	0	0	0	0	0	0	0	0	0	0	0	0	0	0	0	0	0	0	0	0	0	0	0	0	0	0	0	0	0	0	0	0	0	0	0	0	0	0	0	0	0	0	0	0	0	0	0	0	0	0	0	0	0	0	0	0	0	0	0	0	0	0	0	0	0	0	0	0	0	0	0	0	0	0	0	0	0	0	0	0	0	0	0	0	0	0	0	0	0	78	78	1	1	78	78	78	78	44	44	44	44	44	44	78	78	78	78	1	1	1	78	0	1	1	1	1	1	1	1	1	1	1	1	1	1	1	1	0	21	21	21	21	21	21	21	21	74	1	1	1	74	24	24	24	24	24	24	24	24
0	0	0	0	0	0	0	0	0	0	0	0	0	0	0	0	0	0	0	0	0	0	0	0	0	0	0	0	0	0	0	0	0	0	0	0	0	0	0	0	0	0	0	0	0	0	0	0	0	0	0	0	0	0	0	0	0	0	0	0	0	0	0	0	0	0	0	0	0	0	0	0	0	0	0	0	0	0	0	0	0	0	0	0	0	0	0	0	0	0	0	0	0	0	0	0	0	0	0	0	0	0	0	0	0	0	0	0	0	0	0	0	0	0	0	0	0	0	0	0	0	0	0	0	0	0	0	0	0	0	0	0	0	0	0	0	0	0	0	0	0	0	0	0	0	0	0	0	0	0	0	0	0	0	0	0	0	0	0	0	0	0	0	0	0	0	0	0	78	78	1	1	78	78	78	78	44	44	44	44	44	44	78	78	78	78	1	1	1	78	0	1	1	1	1	1	1	1	1	1	1	1	1	1	1	1	0	21	21	21	21	21	21	21	21	74	1	1	1	74	24	24	24	24	24	24	24	24
0	0	0	0	0	0	0	0	0	0	0	0	0	0	0	0	0	0	0	0	0	0	0	0	0	0	0	0	0	0	0	0	0	0	0	0	0	0	0	0	0	0	0	0	0	0	0	0	0	0	0	0	0	0	0	0	0	0	0	0	0	0	0	0	0	0	0	0	0	0	0	0	0	0	0	0	0	0	0	0	0	0	0	0	0	0	0	0	0	0	0	0	0	0	0	0	0	0	0	0	0	0	0	0	0	0	0	0	0	0	0	0	0	0	0	0	0	0	0	0	0	0	0	0	0	0	0	0	0	0	0	0	0	0	0	0	0	0	0	0	0	0	0	0	0	0	0	0	0	0	0	0	0	0	0	0	0	0	0	0	0	0	0	0	0	0	0	0	78	78	1	1	78	78	78	78	44	44	44	44	44	44	78	78	78	78	1	1	78	78	0	1	1	1	1	1	1	1	1	1	1	1	1	1	1	0	0	21	21	21	21	21	21	21	21	74	1	1	1	74	24	24	24	24	24	24	24	24
0	0	0	0	0	0	0	0	0	0	0	0	0	0	0	0	0	0	0	0	0	0	0	0	0	0	0	0	0	0	0	0	0	0	0	0	0	0	0	0	0	0	0	0	0	0	0	0	0	0	0	0	0	0	0	0	0	0	0	0	0	0	0	0	0	0	0	0	0	0	0	0	0	0	0	0	0	0	0	0	0	0	0	0	0	0	0	0	0	0	0	0	0	0	0	0	0	0	0	0	0	0	0	0	0	0	0	0	0	0	0	0	0	0	0	0	0	0	0	0	0	0	0	0	0	0	0	0	0	0	0	0	0	0	0	0	0	0	0	0	0	0	0	0	0	0	0	0	0	0	0	0	0	0	0	0	0	0	0	0	0	0	0	0	0	0	0	0	78	78	1	1	78	78	78	78	44	44	44	44	44	44	78	78	78	78	1	1	78	78	0	1	1	1	1	1	1	1	1	1	1	1	1	1	1	0	0	21	21	21	21	21	21	21	21	74	1	1	1	74	24	24	24	24	24	24	24	24
0	0	0	0	0	0	0	0	0	0	0	0	0	0	0	0	0	0	0	0	0	0	0	0	0	0	0	0	0	0	0	0	0	0	0	0	0	0	0	0	0	0	0	0	0	0	0	0	0	0	0	0	0	0	0	0	0	0	0	0	0	0	0	0	0	0	0	0	0	0	0	0	0	0	0	0	0	0	0	0	0	0	0	0	0	0	0	0	0	0	0	0	0	0	0	0	0	0	0	0	0	0	0	0	0	0	0	0	0	0	0	0	0	0	0	0	0	0	0	0	0	0	0	0	0	0	0	0	0	0	0	0	0	0	0	0	0	0	0	0	0	0	0	0	0	0	0	0	0	0	0	0	0	0	0	0	0	0	0	0	0	0	0	0	0	0	0	0	78	78	1	1	78	78	78	78	44	44	44	44	44	44	78	78	78	78	1	1	78	78	0	1	1	1	1	1	1	1	1	1	1	1	1	1	1	0	0	74	74	74	74	74	74	74	74	74	1	1	1	1	74	74	74	74	74	74	74	74
0	0	0	0	0	0	0	0	0	0	0	0	0	0	0	0	0	0	0	0	0	0	0	0	0	0	0	0	0	0	0	0	0	0	0	0	0	0	0	0	0	0	0	0	0	0	0	0	0	0	0	0	0	0	0	0	0	0	0	0	0	0	0	0	0	0	0	0	0	0	0	0	0	0	0	0	0	0	0	0	0	0	0	0	0	0	0	0	0	0	0	0	0	0	0	0	0	0	0	0	0	0	0	0	0	0	0	0	0	0	0	0	0	0	0	0	0	0	0	0	0	0	0	0	0	0	0	0	0	0	0	0	0	0	0	0	0	0	0	0	0	0	0	0	0	0	0	0	0	0	0	0	0	0	0	0	0	0	0	0	0	0	0	0	0	0	0	0	78	78	1	1	78	78	78	78	44	44	44	44	44	44	78	78	78	78	1	1	78	78	0	1	1	1	1	1	1	1	1	1	1	1	1	1	1	0	0	74	1	1	1	1	1	1	1	1	1	1	1	1	1	74	74	74	74	74	74	74
0	0	0	0	0	0	0	0	0	0	0	0	0	0	0	0	0	0	0	0	0	0	0	0	0	0	0	0	0	0	0	0	0	0	0	0	0	0	0	0	0	0	0	0	0	0	0	0	0	0	0	0	0	0	0	0	0	0	0	0	0	0	0	0	0	0	0	0	0	0	0	0	0	0	0	0	0	0	0	0	0	0	0	0	0	0	0	0	0	0	0	0	0	0	0	0	0	0	0	0	0	0	0	0	0	0	0	0	0	0	0	0	0	0	0	0	0	0	0	0	0	0	0	0	0	0	0	0	0	0	0	0	0	0	0	0	0	0	0	0	0	0	0	0	0	0	0	0	0	0	0	0	0	0	0	0	0	0	0	0	0	0	0	0	0	0	0	0	78	78	1	1	78	78	78	78	44	44	44	44	44	44	78	78	78	78	1	1	78	78	0	1	1	1	1	1	1	1	1	1	1	1	1	1	1	0	0	74	1	1	1	74	17	17	17	17	17	17	17	17	17	17	17	17	74	74	74	74
0	0	0	0	0	0	0	0	0	0	0	0	0	0	0	0	0	0	0	0	0	0	0	0	0	0	0	0	0	0	0	0	0	0	0	0	0	0	0	0	0	0	0	0	0	0	0	0	0	0	0	0	0	0	0	0	0	0	0	0	0	0	0	0	0	0	0	0	0	0	0	0	0	0	0	0	0	0	0	0	0	0	0	0	0	0	0	0	0	0	0	0	0	0	0	0	0	0	0	0	0	0	0	0	0	0	0	0	0	0	0	0	0	0	0	0	0	0	0	0	0	0	0	0	0	0	0	0	0	0	0	0	0	0	0	0	0	0	0	0	0	0	0	0	0	0	0	0	0	0	0	0	0	0	0	0	0	0	0	0	0	0	0	0	0	0	0	0	78	78	1	1	78	78	78	78	44	44	44	44	44	44	78	78	78	78	1	1	1	1	1	1	1	1	1	1	1	1	1	1	1	1	1	1	1	1	1	1	1	1	1	74	17	17	17	17	17	17	17	17	17	17	17	17	74	74	74	74
0	0	0	0	0	0	0	0	0	0	0	0	0	0	0	0	0	0	0	0	0	0	0	0	0	0	0	0	0	0	0	0	0	0	0	0	0	0	0	0	0	0	0	0	0	0	0	0	0	0	0	0	0	0	0	0	0	0	0	0	0	0	0	0	0	0	0	0	0	0	0	0	0	0	0	0	0	0	0	0	0	0	0	0	0	0	0	0	0	0	0	0	0	0	0	0	0	0	0	0	0	0	0	0	0	0	0	0	0	0	0	0	0	0	0	0	0	0	0	0	0	0	0	0	0	0	0	0	0	0	0	0	0	0	0	0	0	0	0	0	0	0	0	0	0	0	0	0	0	0	0	0	0	0	0	0	0	0	0	0	0	0	0	0	0	0	0	0	78	78	1	1	78	78	78	78	44	44	44	44	44	44	78	78	78	78	1	1	1	1	1	1	1	1	1	1	1	1	1	1	1	1	1	1	1	1	1	1	1	1	1	74	17	17	17	17	17	17	17	17	17	17	17	17	74	74	74	74
0	0	0	0	0	0	0	0	0	0	0	0	0	0	0	0	0	0	0	0	0	0	0	0	0	0	0	0	0	0	0	0	0	0	0	0	0	0	0	0	0	0	0	0	0	0	0	0	0	0	0	0	0	0	0	0	0	0	0	0	0	0	0	0	0	0	0	0	0	0	0	0	0	0	0	0	0	0	0	0	0	0	0	0	0	0	0	0	0	0	0	0	0	0	0	0	0	0	0	0	0	0	0	0	0	0	0	0	0	0	0	0	0	0	0	0	0	0	0	0	0	0	0	0	0	0	0	0	0	0	0	0	0	0	0	0	0	0	0	0	0	0	0	0	0	0	0	0	0	0	0	0	0	0	0	0	0	0	0	0	0	0	0	0	0	0	0	0	78	78	1	1	78	78	78	78	44	44	44	44	44	44	78	78	78	78	1	1	1	1	1	1	1	1	1	1	1	1	1	1	1	1	1	1	1	1	1	1	1	1	1	74	17	17	17	17	17	17	17	17	17	17	17	17	74	74	74	74
0	0	0	0	0	0	0	0	0	0	0	0	0	0	0	0	0	0	0	0	0	0	0	0	0	0	0	0	0	0	0	0	0	0	0	0	0	0	0	0	0	0	0	0	0	0	0	0	0	0	0	0	0	0	0	0	0	0	0	0	0	0	0	0	0	0	0	0	0	0	0	0	0	0	0	0	0	0	0	0	0	0	0	0	0	0	0	0	0	0	0	0	0	0	0	0	0	0	0	0	0	0	0	0	0	0	0	0	0	0	0	0	0	0	0	0	0	0	0	0	0	0	0	0	0	0	0	0	0	0	0	0	0	0	0	0	0	0	0	0	0	0	0	0	0	0	0	0	0	0	0	0	0	0	0	0	0	0	0	0	0	0	0	0	0	0	0	0	78	78	1	1	78	78	78	78	44	44	44	44	44	44	78	78	78	78	1	1	1	78	0	0	1	1	1	1	1	1	1	1	1	1	1	1	1	1	0	74	74	1	1	74	74	74	74	74	74	74	74	74	74	74	74	74	74	74	74	74
0	0	0	0	0	0	0	0	0	0	0	0	0	0	0	0	0	0	0	0	0	0	0	0	0	0	0	0	0	0	0	0	0	0	0	0	0	0	0	0	0	0	0	0	0	0	0	0	0	0	0	0	0	0	0	0	0	0	0	0	0	0	0	0	0	0	0	0	0	0	0	0	0	0	0	0	0	0	0	0	0	0	0	0	0	0	0	0	0	0	0	0	0	0	0	0	0	0	0	0	0	0	0	0	0	0	0	0	0	0	0	0	0	0	0	0	0	0	0	0	0	0	0	0	0	0	0	0	0	0	0	0	0	0	0	0	0	0	0	0	0	0	0	0	0	0	0	0	0	0	0	0	0	0	0	0	0	0	0	0	0	0	0	0	0	0	0	0	78	78	1	1	78	78	78	78	44	44	44	44	44	44	78	78	78	78	1	1	1	78	0	0	1	1	1	1	1	1	1	1	1	1	1	1	1	1	0	74	74	1	1	1	1	1	1	1	1	1	1	1	1	1	1	74	74	74	74	74
0	0	0	0	0	0	0	0	0	0	0	0	0	0	0	0	0	0	0	0	0	0	0	0	0	0	0	0	0	0	0	0	0	0	0	0	0	0	0	0	0	0	0	0	0	0	0	0	0	0	0	0	0	0	0	0	0	0	0	0	0	0	0	0	0	0	0	0	0	0	0	0	0	0	0	0	0	0	0	0	0	0	0	0	0	0	0	0	0	0	0	0	0	0	0	0	0	0	0	0	0	0	0	0	0	0	0	0	0	0	0	0	0	0	0	0	0	0	0	0	0	0	0	0	0	0	0	0	0	0	0	0	0	0	0	0	0	0	0	0	0	0	0	0	0	0	0	0	0	0	0	0	0	0	0	0	0	0	0	0	0	0	0	0	0	0	0	0	78	78	1	1	78	78	78	78	44	44	44	44	44	44	78	78	78	78	1	1	1	78	0	0	1	1	1	1	1	1	1	1	1	1	1	1	1	1	0	74	74	74	74	74	74	74	74	74	1	1	1	74	74	74	74	74	74	74	74	74
0	0	0	0	0	0	0	0	0	0	0	0	0	0	0	0	0	0	0	0	0	0	0	0	0	0	0	0	0	0	0	0	0	0	0	0	0	0	0	0	0	0	0	0	0	0	0	0	0	0	0	0	0	0	0	0	0	0	0	0	0	0	0	0	0	0	0	0	0	0	0	0	0	0	0	0	0	0	0	0	0	0	0	0	0	0	0	0	0	0	0	0	0	0	0	0	0	0	0	0	0	0	0	0	0	0	0	0	0	0	0	0	0	0	0	0	0	0	0	0	0	0	0	0	0	0	0	0	0	0	0	0	0	0	0	0	0	0	0	0	0	0	0	0	0	0	0	0	0	0	0	0	0	0	0	0	0	0	0	0	0	0	0	0	0	0	0	0	78	78	1	1	78	78	78	78	44	44	44	44	44	44	78	78	78	78	1	1	1	78	0	0	1	1	1	1	1	1	1	1	1	1	1	1	1	1	0	23	23	23	23	23	23	23	23	74	1	1	1	74	18	18	18	18	18	18	18	18
0	0	0	0	0	0	0	0	0	0	0	0	0	0	0	0	0	0	0	0	0	0	0	0	0	0	0	0	0	0	0	0	0	0	0	0	0	0	0	0	0	0	0	0	0	0	0	0	0	0	0	0	0	0	0	0	0	0	0	0	0	0	0	0	0	0	0	0	0	0	0	0	0	0	0	0	0	0	0	0	0	0	0	0	0	0	0	0	0	0	0	0	0	0	0	0	0	0	0	0	0	0	0	0	0	0	0	0	0	0	0	0	0	0	0	0	0	0	0	0	0	0	0	0	0	0	0	0	0	0	0	0	0	0	0	0	0	0	0	0	0	0	0	0	0	0	0	0	0	0	0	0	0	0	0	0	0	0	0	0	0	0	0	0	0	0	0	0	78	78	1	1	78	78	78	78	44	44	44	44	44	44	78	78	78	78	1	1	1	78	0	0	1	1	1	1	1	1	1	1	1	1	1	1	1	1	0	23	23	23	23	23	23	23	23	74	1	1	1	74	18	18	18	18	18	18	18	18
0	0	0	0	0	0	0	0	0	0	0	0	0	0	0	0	0	0	0	0	0	0	0	0	0	0	0	0	0	0	0	0	0	0	0	0	0	0	0	0	0	0	0	0	0	0	0	0	0	0	0	0	0	0	0	0	0	0	0	0	0	0	0	0	0	0	0	0	0	0	0	0	0	0	0	0	0	0	0	0	0	0	0	0	0	0	0	0	0	0	0	0	0	0	0	0	0	0	0	0	0	0	0	0	0	0	0	0	0	0	0	0	0	0	0	0	0	0	0	0	0	0	0	0	0	0	0	0	0	0	0	0	0	0	0	0	0	0	0	0	0	0	0	0	0	0	0	0	0	0	0	0	0	0	0	0	0	0	0	0	0	0	0	0	0	0	0	0	78	78	1	1	78	78	78	78	44	44	44	44	44	44	78	78	78	78	1	1	1	78	0	1	1	1	1	1	1	1	1	1	1	1	1	1	1	1	0	23	23	23	23	23	23	23	23	74	1	1	1	74	18	18	18	18	18	18	18	18
0	0	0	0	0	0	0	0	0	0	0	0	0	0	0	0	0	0	0	0	0	0	0	0	0	0	0	0	0	0	0	0	0	0	0	0	0	0	0	0	0	0	0	0	0	0	0	0	0	0	0	0	0	0	0	0	0	0	0	0	0	0	0	0	0	0	0	0	0	0	0	0	0	0	0	0	0	0	0	0	0	0	0	0	0	0	0	0	0	0	0	0	0	0	0	0	0	0	0	0	0	0	0	0	0	0	0	0	0	0	0	0	0	0	0	0	0	0	0	0	0	0	0	0	0	0	0	0	0	0	0	0	0	0	0	0	0	0	0	0	0	0	0	0	0	0	0	0	0	0	0	0	0	0	0	0	0	0	0	0	0	0	0	0	0	0	0	0	78	78	1	1	1	1	1	78	44	44	44	44	44	44	78	1	1	1	1	1	1	78	0	1	1	1	1	1	1	1	1	1	1	1	1	1	1	1	0	23	23	23	23	23	23	23	23	74	1	1	1	74	18	18	18	18	18	18	18	18
0	0	0	0	0	0	0	0	0	0	0	0	0	0	0	0	0	0	0	0	0	0	0	0	0	0	0	0	0	0	0	0	0	0	0	0	0	0	0	0	0	0	0	0	0	0	0	0	0	0	0	0	0	0	0	0	0	0	0	0	0	0	0	0	0	0	0	0	0	0	0	0	0	0	0	0	0	0	0	0	0	0	0	0	0	0	0	0	0	0	0	0	0	0	0	0	0	0	0	0	0	0	0	0	0	0	0	0	0	0	0	0	0	0	0	0	0	0	0	0	0	0	0	0	0	0	0	0	0	0	0	0	0	0	0	0	0	0	0	0	0	0	0	0	0	0	0	0	0	0	0	0	0	0	0	0	0	0	0	0	0	0	0	0	0	0	0	0	78	78	1	1	1	1	1	78	44	44	44	44	44	44	78	1	1	1	1	1	1	78	0	1	1	1	1	1	1	1	1	1	1	1	1	1	1	1	0	25	25	25	25	25	25	25	25	74	1	1	1	74	20	20	20	20	20	20	20	20
0	0	0	0	0	0	0	0	0	0	0	0	0	0	0	0	0	0	0	0	0	0	0	0	0	0	0	0	0	0	0	0	0	0	0	0	0	0	0	0	0	0	0	0	0	0	0	0	0	0	0	0	0	0	0	0	0	0	0	0	0	0	0	0	0	0	0	0	0	0	0	0	0	0	0	0	0	0	0	0	0	0	0	0	0	0	0	0	0	0	0	0	0	0	0	0	0	0	0	0	0	0	0	0	0	0	0	0	0	0	0	0	0	0	0	0	0	0	0	0	0	0	0	0	0	0	0	0	0	0	0	0	0	0	0	0	0	0	0	0	0	0	0	0	0	0	0	0	0	0	0	0	0	0	0	0	0	0	0	0	0	0	0	0	0	0	0	0	78	78	1	1	1	1	1	78	78	78	78	78	78	78	78	1	1	1	1	1	1	78	0	1	1	1	1	1	1	1	1	1	1	1	1	1	1	1	0	25	25	25	25	25	25	25	25	74	1	1	1	74	20	20	20	20	20	20	20	20
0	0	0	0	0	0	0	0	0	0	0	0	0	0	0	0	0	0	0	0	0	0	0	0	0	0	0	0	0	0	0	0	0	0	0	0	0	0	0	0	0	0	0	0	0	0	0	0	0	0	0	0	0	0	0	0	0	0	0	0	0	0	0	0	0	0	0	0	0	0	0	0	0	0	0	0	0	0	0	0	0	0	0	0	0	0	0	0	0	0	0	0	0	0	0	0	0	0	0	0	0	0	0	0	0	0	0	0	0	0	0	0	0	0	0	0	0	0	0	0	0	0	0	0	0	0	0	0	0	0	0	0	0	0	0	0	0	0	0	0	0	0	0	0	0	0	0	0	0	0	0	0	0	0	0	0	0	0	0	0	0	0	0	0	0	0	0	0	78	78	1	1	1	1	1	1	1	78	78	78	78	78	1	1	1	1	1	1	1	78	0	1	1	1	1	1	1	1	1	1	1	1	1	1	1	1	0	25	25	25	25	25	25	25	25	74	1	1	1	74	20	20	20	20	20	20	20	20
0	0	0	0	0	0	0	0	0	0	0	0	0	0	0	0	0	0	0	0	0	0	0	0	0	0	0	0	0	0	0	0	0	0	0	0	0	0	0	0	0	0	0	0	0	0	0	0	0	0	0	0	0	0	0	0	0	0	0	0	0	0	0	0	0	0	0	0	0	0	0	0	0	0	0	0	0	0	0	0	0	0	0	0	0	0	0	0	0	0	0	0	0	0	0	0	0	0	0	0	0	0	0	0	0	0	0	0	0	0	0	0	0	0	0	0	0	0	0	0	0	0	0	0	0	0	0	0	0	0	0	0	0	0	0	0	0	0	0	0	0	0	0	0	0	0	0	0	0	0	0	0	0	0	0	0	0	0	0	0	0	0	0	0	0	0	0	0	78	78	78	78	1	1	1	1	1	78	78	78	78	78	1	1	1	1	1	78	78	78	0	1	1	1	1	1	1	1	1	1	1	1	1	1	1	0	0	25	25	25	25	25	25	25	25	74	1	1	1	74	20	20	20	20	20	20	20	20
0	0	0	0	0	0	0	0	0	0	0	0	0	0	0	0	0	0	0	0	0	0	0	0	0	0	0	0	0	0	0	0	0	0	0	0	0	0	0	0	0	0	0	0	0	0	0	0	0	0	0	0	0	0	0	0	0	0	0	0	0	0	0	0	0	0	0	0	0	0	0	0	0	0	0	0	0	0	0	0	0	0	0	0	0	0	0	0	0	0	0	0	0	0	0	0	0	0	0	0	0	0	0	0	0	0	0	0	0	0	0	0	0	0	0	0	0	0	0	0	0	0	0	0	0	0	0	0	0	0	0	0	0	0	0	0	0	0	0	0	0	0	0	0	0	0	0	0	0	0	0	0	0	0	0	0	0	0	0	0	0	0	0	0	0	0	0	0	78	78	78	78	1	1	1	1	1	1	1	1	1	1	1	1	1	1	1	78	78	78	0	1	1	1	1	1	1	1	1	1	1	1	1	1	1	0	0	74	74	74	74	74	74	74	74	74	1	1	1	74	74	74	74	74	74	74	74	74
0	0	0	0	0	0	0	0	0	0	0	0	0	0	0	0	0	0	0	0	0	0	0	0	0	0	0	0	0	0	0	0	0	0	0	0	0	0	0	0	0	0	0	0	0	0	0	0	0	0	0	0	0	0	0	0	0	0	0	0	0	0	0	0	0	0	0	0	0	0	0	0	0	0	0	0	0	0	0	0	0	0	0	0	0	0	0	0	0	0	0	0	0	0	0	0	0	0	0	0	0	0	0	0	0	0	0	0	0	0	0	0	0	0	0	0	0	0	0	0	0	0	0	0	0	0	0	0	0	0	0	0	0	0	0	0	0	0	0	0	0	0	0	0	0	0	0	0	0	0	0	0	0	0	0	0	0	0	0	0	0	0	0	0	0	0	0	0	78	78	78	78	78	78	78	78	78	78	78	78	78	78	78	78	78	78	78	78	78	78	0	0	0	1	1	1	1	1	1	1	1	1	1	1	1	0	0	74	74	74	74	74	74	74	74	74	74	74	74	74	74	74	74	74	74	74	74	74
0	0	0	0	0	0	0	0	0	0	0	0	0	0	0	0	0	0	0	0	0	0	0	0	0	0	0	0	0	0	0	0	0	0	0	0	0	0	0	0	0	0	0	0	0	0	0	0	0	0	0	0	0	0	0	0	0	0	0	0	0	0	0	0	0	0	0	0	0	0	0	0	0	0	0	0	0	0	0	0	0	0	0	0	0	0	0	0	0	0	0	0	0	0	0	0	0	0	0	0	0	0	0	0	0	0	0	0	0	0	0	0	0	0	0	0	0	0	0	0	0	0	0	0	0	0	0	0	0	0	0	0	0	0	0	0	0	0	0	0	0	0	0	0	0	0	0	0	0	0	0	0	0	0	0	0	0	0	0	0	0	0	0	0	0	0	0	0	78	78	78	78	78	78	78	78	78	78	78	78	78	78	78	78	78	78	78	78	78	78	0	0	0	1	1	1	1	1	1	1	1	1	1	1	1	0	0	74	74	74	74	74	74	74	74	74	74	74	74	74	74	74	74	74	74	74	74	74
0	0	0	0	0	0	0	0	0	0	0	0	0	0	0	0	0	0	0	0	0	0	0	0	0	0	0	0	0	0	0	0	0	0	0	0	0	0	0	0	0	0	0	0	0	0	0	0	0	0	0	0	0	0	0	0	0	0	0	0	0	0	0	0	0	0	0	0	0	0	0	0	0	0	0	0	0	0	0	0	0	0	0	0	0	0	0	0	0	0	0	0	0	0	0	0	0	0	0	0	0	0	0	0	0	0	0	0	0	0	0	0	0	0	0	0	0	0	0	0	0	0	0	0	0	0	0	0	0	0	0	0	0	0	0	0	0	0	0	0	0	0	0	0	0	0	0	0	0	0	0	0	0	0	0	0	0	0	0	0	0	0	0	0	0	0	0	0	0	0	0	0	0	0	0	0	0	0	0	0	0	0	0	0	0	0	0	0	0	0	0	0	0	1	1	1	1	1	1	1	1	1	1	1	1	0	0	0	0	0	0	0	0	0	0	0	0	0	0	0	0	0	0	0	0	0	0	0
0	0	0	0	0	0	0	0	0	0	0	0	0	0	0	0	0	0	0	0	0	0	0	0	0	0	0	0	0	0	0	0	0	0	0	0	0	0	0	0	0	0	0	0	0	0	0	0	0	0	0	0	0	0	0	0	0	0	0	0	0	0	0	0	0	0	0	0	0	0	0	0	0	0	0	0	0	0	0	0	0	0	0	0	0	0	0	0	0	0	0	0	0	0	0	0	0	0	0	0	0	0	0	0	0	0	0	0	0	0	0	0	0	0	0	0	0	0	0	0	0	0	0	0	0	0	0	0	0	0	0	0	0	0	0	0	0	0	0	0	0	0	0	0	0	0	0	0	0	0	0	0	0	0	0	0	0	0	0	0	0	0	0	0	0	0	0	0	68	68	68	68	68	68	68	68	68	68	68	68	68	68	68	68	68	68	68	68	68	68	68	0	0	1	1	1	1	1	1	1	1	1	1	1	1	0	0	47	47	47	47	0	0	0	0	0	0	0	0	0	0	0	0	0	0	0	0	0
0	0	0	0	0	0	0	0	0	0	0	0	0	0	67	67	67	67	67	67	67	67	67	67	67	67	67	67	67	67	67	67	67	67	67	67	67	67	67	0	57	57	57	57	57	57	57	57	57	57	57	57	57	57	57	57	57	57	57	57	57	57	57	57	0	58	58	58	58	58	58	58	58	58	58	58	58	58	58	58	58	58	58	58	58	58	58	58	58	58	0	60	60	60	60	60	60	60	60	60	60	60	60	60	60	60	60	60	60	60	60	60	60	60	60	0	0	66	66	66	66	66	66	66	66	66	66	66	66	66	66	66	66	66	66	66	66	66	66	66	66	0	61	61	61	61	61	61	61	61	61	61	61	61	61	61	61	61	61	61	61	61	61	61	61	61	61	0	68	68	68	68	68	68	68	68	68	68	68	68	68	68	68	68	68	68	68	68	68	68	68	0	0	1	1	1	1	1	1	1	1	1	1	1	1	0	0	47	47	47	47	69	69	69	69	69	69	69	69	69	69	69	69	69	69	69	69	69
0	0	0	0	1	1	1	1	1	1	1	1	1	0	67	67	67	67	67	67	67	67	67	67	67	67	67	67	67	67	67	67	67	67	67	67	67	67	67	0	57	57	57	57	57	57	57	57	57	57	57	57	57	57	57	57	57	57	57	57	57	57	57	57	0	58	58	58	58	58	58	58	58	58	58	58	58	58	58	58	58	58	58	58	58	58	58	58	58	58	0	60	60	60	60	60	60	60	60	60	60	60	60	60	60	60	60	60	60	60	60	60	60	60	60	0	0	66	66	66	66	66	66	66	66	66	66	66	66	66	66	66	66	66	66	66	66	66	66	66	66	0	61	61	61	61	61	61	61	61	61	61	61	61	61	61	61	61	61	61	61	61	61	61	61	61	61	0	68	68	68	68	68	1	1	1	1	1	1	1	1	1	1	1	1	1	68	68	68	68	68	1	1	1	1	1	1	1	1	1	1	1	1	1	1	1	0	47	47	47	47	69	69	69	69	69	69	69	69	69	69	69	69	69	69	69	69	69
0	0	0	0	1	1	1	1	1	1	1	1	1	0	67	9	9	9	67	67	67	1	1	1	1	1	1	1	1	67	67	67	1	1	1	1	67	67	67	0	33	33	33	57	57	57	57	1	1	1	1	1	1	1	1	57	57	57	1	1	1	1	57	57	0	58	28	28	28	58	58	58	1	1	1	1	1	1	1	1	1	58	58	58	1	1	1	58	58	58	0	60	53	53	60	60	60	60	1	1	1	1	1	1	1	1	60	60	60	1	1	1	1	60	60	0	0	45	45	45	66	66	66	1	1	1	1	1	1	1	1	1	66	66	66	1	1	1	1	66	66	0	61	42	42	42	61	61	61	1	1	1	1	1	1	1	1	1	61	61	61	1	1	1	61	61	61	0	68	68	68	68	68	1	1	1	68	68	68	68	68	68	68	68	1	1	68	68	68	68	68	1	1	1	1	1	1	1	1	1	1	1	1	1	1	1	0	47	47	47	47	69	69	69	69	69	69	69	69	69	69	69	69	69	69	69	69	69
0	0	0	0	1	1	1	1	1	1	1	1	1	0	67	9	9	9	67	67	67	1	1	1	1	1	1	1	1	67	67	67	1	1	1	1	67	67	67	0	33	33	33	57	57	57	57	1	1	1	1	1	1	1	1	57	57	57	1	1	1	1	57	57	0	58	28	28	28	58	58	58	58	1	1	1	1	1	1	1	1	58	58	58	1	1	1	58	58	58	0	60	53	53	60	60	60	60	1	1	1	1	1	1	1	1	60	60	60	1	1	1	1	60	60	0	0	45	45	45	66	66	66	66	1	1	1	1	1	1	1	1	66	66	66	1	1	1	1	66	66	0	61	42	42	42	61	61	61	61	1	1	1	1	1	1	1	1	61	61	61	1	1	1	61	61	61	0	68	68	68	68	68	1	1	1	68	68	68	68	68	68	68	68	1	1	1	1	1	1	1	1	1	1	1	1	1	1	1	1	1	1	1	1	1	1	0	69	69	69	69	69	69	69	69	69	69	69	69	69	69	69	69	69	69	69	69	69
0	0	0	0	1	1	1	1	1	1	1	1	1	0	67	9	9	9	67	67	67	67	1	1	1	1	1	1	1	67	67	67	1	1	1	1	67	67	67	0	33	33	33	57	57	57	57	1	1	1	1	1	1	1	1	57	57	57	1	1	1	1	57	57	0	58	28	28	28	58	58	58	58	1	1	1	1	1	1	1	1	58	58	58	1	1	1	58	58	58	0	60	53	53	60	60	60	60	60	1	1	1	1	1	1	1	60	60	60	1	1	1	1	60	60	0	0	45	45	45	66	66	66	66	1	1	1	1	1	1	1	1	66	66	66	1	1	1	1	66	66	0	61	42	42	42	61	61	61	61	1	1	1	1	1	1	1	1	61	61	61	1	1	1	61	61	61	0	68	68	1	1	1	1	1	1	68	68	68	68	68	68	68	68	1	1	1	1	1	1	1	1	1	1	1	1	1	1	1	1	1	1	1	1	1	1	0	69	69	69	69	69	1	69	69	69	69	69	69	69	69	69	69	69	69	69	69	69
0	0	0	0	1	1	1	1	1	1	1	1	1	0	67	9	9	9	67	67	67	67	1	1	1	1	1	1	1	67	67	67	67	1	67	67	67	67	67	0	33	33	33	57	57	57	57	57	1	1	1	1	1	1	1	57	57	57	1	57	57	57	57	57	0	58	28	28	28	58	58	58	58	1	1	1	1	1	1	1	1	58	58	58	1	58	58	58	58	58	0	60	53	53	60	60	60	60	60	1	1	1	1	1	1	1	60	60	60	1	60	60	60	60	60	0	0	45	45	45	66	66	66	66	66	1	1	1	1	1	1	1	66	66	66	1	66	66	66	66	66	0	61	42	42	42	61	61	61	61	1	1	1	1	1	1	1	1	61	61	61	1	61	61	61	61	61	0	68	68	1	1	1	1	1	68	68	68	68	68	68	68	68	68	1	1	1	1	1	1	1	1	1	1	1	1	1	1	1	1	1	1	1	1	1	1	0	69	69	69	69	69	1	69	69	69	69	69	69	69	69	69	69	69	69	69	69	69
0	0	0	0	1	1	1	1	1	1	1	1	1	0	67	9	9	9	67	67	67	1	1	1	1	1	1	1	1	1	67	67	67	67	67	67	67	67	67	0	33	33	33	57	57	57	1	1	1	1	1	1	1	1	1	57	57	57	1	57	57	57	57	57	0	58	28	28	28	58	58	58	1	1	1	1	1	1	1	1	1	58	58	58	1	58	58	58	58	58	0	60	53	53	60	60	60	60	1	1	1	1	1	1	1	1	60	60	60	60	60	60	60	60	60	0	0	45	45	45	66	66	66	1	1	1	1	1	1	1	1	1	66	66	66	1	66	66	66	66	66	0	61	42	42	42	61	61	61	1	1	1	1	1	1	1	1	1	61	61	61	1	61	61	61	61	61	0	68	68	1	1	1	1	1	68	52	52	52	52	52	52	52	52	1	1	1	1	1	1	1	1	1	1	1	1	1	1	1	1	1	1	1	1	1	1	0	69	69	69	69	69	1	69	69	69	69	69	69	69	69	69	69	69	69	69	69	69
0	0	0	0	1	1	1	1	1	1	1	1	1	0	67	9	9	9	1	1	1	1	1	1	1	1	1	1	1	1	67	67	67	67	67	67	67	67	67	0	33	33	33	1	1	1	1	1	1	1	1	1	1	1	1	57	57	57	1	57	57	57	57	57	0	58	28	28	28	1	1	1	1	1	1	1	1	1	1	1	1	58	58	58	1	58	58	58	58	58	0	60	53	53	60	1	1	1	1	1	1	1	1	1	1	1	60	60	60	1	60	60	60	60	60	0	0	45	45	45	1	1	1	1	1	1	1	1	1	1	1	1	66	66	66	1	66	66	66	66	66	0	61	42	42	42	1	1	1	1	1	1	1	1	1	1	1	1	61	61	61	1	61	61	61	61	61	0	68	68	1	1	1	1	1	68	52	52	52	52	52	52	52	52	1	1	1	1	1	1	1	1	1	1	1	1	1	1	1	1	1	1	1	1	1	1	0	69	69	69	69	69	1	69	69	69	69	69	69	69	69	69	69	69	69	69	69	69
0	0	0	0	1	1	1	1	1	1	1	1	1	0	67	9	9	9	1	1	1	1	1	1	1	1	1	1	1	67	67	67	67	67	67	67	67	67	67	0	33	33	33	1	1	1	1	1	1	1	1	1	1	1	1	57	57	57	1	57	57	57	57	57	0	58	28	28	28	1	1	1	1	1	1	1	1	1	1	1	1	58	58	58	1	58	58	58	58	58	0	60	53	53	60	1	1	1	1	1	1	1	1	1	1	1	60	60	60	1	60	60	60	60	60	0	0	45	45	45	1	1	1	1	1	1	1	1	1	1	1	1	66	66	66	1	66	66	66	66	66	0	61	42	42	42	1	1	1	1	1	1	1	1	1	1	1	61	61	61	61	1	61	61	61	61	61	0	68	68	1	1	1	1	1	68	52	52	52	52	52	52	52	52	1	1	1	1	1	1	1	1	1	1	1	1	1	1	1	1	1	1	1	1	1	1	0	69	69	69	69	69	1	69	69	69	69	69	69	69	69	69	69	69	69	69	69	69
0	0	0	0	1	1	1	1	1	1	1	1	1	0	67	9	9	9	1	1	1	1	1	1	1	1	1	1	1	67	67	67	67	67	67	67	67	67	67	0	33	33	33	1	1	1	1	1	1	1	1	1	1	1	57	57	57	57	1	57	57	57	57	57	0	58	28	28	28	1	1	1	1	1	1	1	1	1	1	1	58	58	58	58	1	58	58	58	58	58	0	60	53	53	60	1	1	1	1	1	1	1	1	1	1	1	60	60	60	1	60	60	60	60	60	0	0	45	45	45	1	1	1	1	1	1	1	1	1	1	1	66	66	66	66	1	66	66	66	66	66	0	61	42	42	42	1	1	1	1	1	1	1	1	1	1	1	61	61	61	61	1	61	61	61	61	61	0	68	68	1	1	1	1	1	68	52	52	52	52	52	52	52	52	1	1	1	1	1	1	1	1	1	1	1	1	1	1	1	1	1	1	1	1	1	0	0	69	69	69	69	69	1	69	69	69	69	69	69	69	69	69	69	69	69	69	69	69
0	0	0	0	1	1	1	1	1	1	1	1	1	0	67	9	9	9	1	1	1	1	67	67	67	67	67	67	67	67	67	67	67	67	67	67	67	67	67	0	33	33	33	1	1	1	1	1	57	57	57	57	57	57	57	57	57	57	1	57	57	57	57	57	0	58	28	28	28	1	1	1	1	58	58	58	58	58	58	58	58	58	58	58	1	58	58	58	58	58	0	60	53	53	60	1	1	1	1	60	60	60	60	60	60	60	60	60	60	1	60	60	60	60	60	0	0	45	45	45	1	1	1	1	1	66	66	66	66	66	66	66	66	66	66	1	66	66	66	66	66	0	61	42	42	42	1	1	1	1	61	61	61	61	61	61	61	61	61	61	61	61	61	61	61	61	61	0	68	68	1	1	1	1	1	68	52	52	52	52	52	52	52	52	1	1	1	1	1	1	1	1	1	1	1	1	1	1	1	1	1	1	1	1	1	0	0	69	69	69	69	69	1	69	69	69	69	69	69	69	69	69	69	69	69	69	69	69
0	0	0	0	1	1	1	1	1	1	1	1	1	0	67	67	67	67	1	1	1	1	67	10	10	10	10	10	10	10	10	67	67	67	67	67	67	67	67	0	57	57	57	1	1	1	1	1	57	34	34	34	34	34	34	34	34	57	1	57	57	57	57	57	0	58	58	58	58	1	1	1	1	58	29	29	29	29	29	29	29	29	29	58	1	58	58	58	58	58	0	60	60	60	60	1	1	1	1	60	54	54	54	54	54	54	54	54	60	1	60	60	60	60	60	0	0	66	66	66	1	1	1	1	1	66	46	46	46	46	46	46	46	46	66	1	66	66	66	66	66	0	61	61	61	61	1	1	1	1	61	43	43	43	43	43	43	43	43	43	61	61	61	61	61	61	61	0	68	68	1	1	1	1	1	68	68	68	68	68	68	68	68	68	1	1	1	1	1	1	1	1	1	1	1	1	1	1	1	1	1	1	1	1	1	0	0	69	1	1	1	1	1	69	69	69	69	69	69	69	69	69	69	69	69	69	69	69
0	0	0	0	1	1	1	1	1	1	1	1	1	0	67	67	67	67	1	1	1	1	67	10	10	10	10	10	10	10	10	67	67	67	67	67	67	67	67	0	57	57	57	1	1	1	1	1	57	34	34	34	34	34	34	34	34	57	1	57	57	57	57	57	0	58	58	58	58	1	1	1	1	58	29	29	29	29	29	29	29	29	29	58	1	58	58	58	58	58	0	60	60	60	60	1	1	1	1	60	54	54	54	54	54	54	54	54	60	1	60	60	60	60	60	0	0	66	66	66	1	1	1	1	1	66	46	46	46	46	46	46	46	46	66	1	66	66	66	66	66	0	61	61	61	61	1	1	1	1	61	43	43	43	43	43	43	43	43	43	61	61	61	61	61	61	61	0	68	68	1	1	1	1	1	1	68	68	68	68	68	68	68	68	1	1	1	1	1	1	1	1	1	1	1	1	1	1	1	1	1	1	1	1	1	0	0	69	1	1	1	1	1	69	69	69	69	69	69	69	69	69	69	69	69	69	69	69
0	0	0	0	1	1	1	1	1	1	1	1	1	0	67	67	67	67	1	1	1	1	67	10	10	10	10	10	10	10	10	67	67	67	67	67	67	67	67	0	57	57	57	1	1	1	1	1	57	34	34	34	34	34	34	34	34	57	1	57	57	57	57	57	0	58	58	58	58	1	1	1	1	58	29	29	29	29	29	29	29	29	29	58	1	58	58	58	58	58	0	60	60	60	60	1	1	1	1	60	54	54	54	54	54	54	54	54	60	1	60	60	60	60	60	0	0	66	66	66	1	1	1	1	1	66	46	46	46	46	46	46	46	46	66	1	66	66	66	66	66	0	61	61	61	61	1	1	1	1	61	43	43	43	43	43	43	43	43	43	61	61	61	61	61	61	61	0	68	68	1	1	1	1	1	1	68	68	68	68	68	68	68	68	1	1	1	1	1	1	1	1	1	1	1	1	1	1	1	1	1	1	1	1	1	1	1	1	1	1	1	1	1	69	69	69	69	69	69	69	69	69	69	69	69	69	69	69
1	1	1	1	1	1	1	1	1	1	1	1	1	0	67	67	67	67	1	1	1	1	67	10	10	10	10	10	10	10	10	67	67	1	1	1	67	67	67	0	57	57	57	1	1	1	1	1	57	34	34	34	34	34	34	34	34	57	1	1	1	1	57	57	0	58	58	58	58	1	1	1	1	58	29	29	29	29	29	29	29	29	29	58	1	1	1	58	58	58	0	60	60	60	60	1	1	1	1	60	54	54	54	54	54	54	54	54	60	1	1	1	1	60	60	0	0	66	66	66	1	1	1	1	1	66	46	46	46	46	46	46	46	46	66	1	1	1	1	66	66	0	61	61	61	61	1	1	1	1	61	43	43	43	43	43	43	43	43	43	61	1	1	1	61	61	61	0	68	68	1	1	1	1	1	1	1	1	1	1	1	1	1	1	1	1	1	1	1	1	1	1	1	1	1	1	1	1	1	1	1	1	1	1	1	1	1	1	1	1	1	1	1	69	69	69	69	69	69	69	69	69	69	69	69	69	69	69
1	1	1	1	1	1	1	1	1	1	1	1	1	0	67	67	67	67	1	1	1	1	67	10	10	10	10	10	10	10	10	67	67	1	1	1	67	67	67	0	57	57	57	1	1	1	1	1	57	34	34	34	34	34	34	34	34	57	1	1	1	1	57	57	0	58	58	58	58	1	1	1	1	58	29	29	29	29	29	29	29	29	29	58	1	1	1	58	58	58	0	60	60	60	60	1	1	1	1	60	54	54	54	54	54	54	54	54	60	1	1	1	1	60	60	0	0	66	66	66	1	1	1	1	1	66	46	46	46	46	46	46	46	46	66	1	1	1	1	66	66	0	61	61	61	61	1	1	1	1	61	43	43	43	43	43	43	43	43	43	61	1	1	1	61	61	61	0	68	68	1	1	1	1	1	1	1	1	1	1	1	1	1	1	1	1	1	1	1	1	1	1	1	1	1	1	1	1	1	1	1	1	1	1	1	1	1	1	1	1	1	1	1	1	1	1	1	1	1	1	69	69	69	69	69	69	69	69
1	1	1	1	1	1	1	1	1	1	1	1	1	0	67	67	67	67	1	1	1	1	67	10	10	10	10	10	10	10	10	67	67	1	1	1	67	67	67	0	57	57	57	1	1	1	1	1	57	34	34	34	34	34	34	34	34	57	1	1	1	1	57	57	0	58	58	58	58	1	1	1	1	58	29	29	29	29	29	29	29	29	29	58	1	1	1	58	58	58	0	60	60	60	60	1	1	1	1	60	54	54	54	54	54	54	54	54	60	1	1	1	1	60	60	0	0	66	66	66	1	1	1	1	1	66	46	46	46	46	46	46	46	46	66	1	1	1	1	66	66	0	61	61	61	61	1	1	1	1	61	43	43	43	43	43	43	43	43	43	61	1	1	1	61	61	61	0	68	68	1	1	1	1	1	1	1	1	1	1	1	1	1	1	1	1	1	1	1	1	1	1	1	1	1	1	1	1	1	1	1	1	1	1	1	1	1	1	1	1	1	1	1	1	1	1	69	69	69	69	69	69	69	69	69	69	69	69
1	1	1	1	1	1	1	1	1	1	1	1	1	0	67	67	67	67	1	1	1	1	67	10	10	10	10	10	10	10	10	67	67	1	1	1	67	67	67	0	57	57	57	1	1	1	1	1	57	34	34	34	34	34	34	34	34	57	1	1	1	1	57	57	0	58	58	58	58	1	1	1	1	58	29	29	29	29	29	29	29	29	29	58	1	1	1	58	58	58	0	60	60	60	60	1	1	1	1	60	54	54	54	54	54	54	54	54	60	1	1	1	1	60	60	0	0	66	66	66	1	1	1	1	1	66	46	46	46	46	46	46	46	46	66	1	1	1	1	66	66	0	61	61	61	61	1	1	1	1	61	43	43	43	43	43	43	43	43	43	61	1	1	1	61	61	61	0	68	68	1	1	1	1	1	1	1	1	1	1	1	1	1	1	1	1	1	1	1	1	1	1	1	1	1	1	1	1	1	1	1	1	1	1	1	1	0	69	69	1	1	1	1	1	1	1	69	69	69	69	69	69	69	69	69	69	69	69
1	1	1	1	1	1	1	1	1	1	1	1	1	0	67	67	67	67	1	1	1	1	67	10	10	10	10	10	10	10	10	67	67	1	1	1	67	67	67	0	57	57	57	1	1	1	1	1	57	34	34	34	34	34	34	34	34	57	1	1	1	1	57	57	0	58	58	58	58	1	1	1	1	58	29	29	29	29	29	29	29	29	29	58	1	1	1	58	58	58	0	60	60	60	60	1	1	1	1	60	54	54	54	54	54	54	54	54	60	1	1	1	1	60	60	0	0	66	66	66	1	1	1	1	1	66	46	46	46	46	46	46	46	46	66	1	1	1	1	66	66	0	61	61	61	61	1	1	1	1	61	43	43	43	43	43	43	43	43	43	61	1	1	1	61	61	61	0	68	68	1	1	1	1	1	1	1	1	1	1	1	1	1	1	1	1	1	1	1	1	1	1	1	1	1	1	1	1	1	1	1	1	1	1	1	1	0	69	69	1	1	1	1	69	69	69	69	69	69	69	69	69	69	69	69	69	69	69
1	1	1	1	1	1	1	1	1	1	1	1	1	0	67	67	67	67	1	1	1	1	67	67	67	67	67	67	67	67	67	67	67	1	1	1	67	67	67	0	57	57	57	1	1	1	1	1	57	57	57	57	57	57	57	57	57	57	1	1	1	1	57	57	0	58	58	58	58	1	1	1	1	58	58	58	58	58	58	58	58	58	58	58	1	1	1	58	58	58	0	60	60	60	60	1	1	1	1	60	60	60	60	60	60	60	60	60	60	1	1	1	1	60	60	0	0	66	66	66	1	1	1	1	1	66	66	66	66	66	66	66	66	66	66	1	1	1	1	66	66	0	61	61	61	61	1	1	1	1	61	61	61	61	61	61	61	61	61	61	61	1	1	1	61	61	61	0	68	68	1	1	1	1	1	1	1	1	1	1	1	1	1	1	1	1	1	1	1	1	1	1	1	1	1	1	1	1	1	1	1	1	1	1	1	1	0	69	69	69	69	69	1	69	69	69	69	69	69	69	69	69	69	69	69	69	69	69
1	1	1	1	1	1	1	1	1	1	1	1	1	0	67	67	67	67	67	67	1	1	67	67	67	67	67	67	67	67	67	67	67	67	67	67	67	67	67	0	57	57	57	57	57	57	1	57	57	57	57	57	57	57	57	57	57	57	57	57	57	57	57	57	0	58	58	58	58	58	58	58	1	58	58	58	58	58	58	58	58	58	58	58	58	58	58	58	58	58	0	60	60	60	60	60	60	1	1	60	60	60	60	60	60	60	60	60	60	60	60	60	60	60	60	0	0	66	66	66	66	66	66	1	66	66	66	66	66	66	66	66	66	66	66	66	66	66	66	66	66	0	61	61	61	61	61	61	1	1	61	61	61	61	61	61	61	61	61	61	61	61	61	61	61	61	61	0	68	68	1	1	1	1	1	1	1	1	1	1	1	1	1	1	1	1	1	1	1	1	1	1	1	1	1	1	1	1	1	1	1	1	1	1	1	1	0	69	69	69	69	69	1	69	69	69	69	69	69	69	69	69	69	69	69	69	69	69
1	1	1	1	1	1	1	1	1	1	1	1	1	0	67	67	67	67	67	67	1	1	67	67	67	67	67	67	67	67	67	67	67	67	67	67	67	67	67	0	57	57	57	57	57	57	1	57	57	57	57	57	57	57	57	57	57	57	57	57	57	57	57	57	0	58	58	58	58	58	58	58	1	58	58	58	58	58	58	58	58	58	58	58	58	58	58	58	58	58	0	60	60	60	60	60	60	1	1	60	60	60	60	60	60	60	60	60	60	60	60	60	60	60	60	0	0	66	66	66	66	66	66	1	66	66	66	66	66	66	66	66	66	66	66	66	66	66	66	66	66	0	61	61	61	61	61	61	1	1	61	61	61	61	61	61	61	61	61	61	61	61	61	61	61	61	61	0	68	68	1	1	1	1	1	1	1	1	1	1	1	1	1	1	1	1	1	1	1	1	1	1	1	1	1	1	1	1	1	1	1	1	1	1	1	1	0	69	69	69	69	69	1	69	69	69	69	69	69	69	69	69	69	69	69	69	69	69
0	0	1	1	1	1	1	1	1	1	1	1	1	0	67	67	67	67	67	67	1	1	67	67	67	67	67	67	67	67	67	67	67	67	67	67	67	67	67	0	57	57	57	57	57	57	1	57	57	57	57	57	57	57	57	57	57	57	57	57	57	57	57	57	0	58	58	58	58	58	58	58	1	58	58	58	58	58	58	58	58	58	58	58	58	58	58	58	58	58	0	60	60	60	60	60	60	1	1	60	60	60	60	60	60	60	60	60	60	60	60	60	60	60	60	0	0	66	66	66	66	66	66	1	66	66	66	66	66	66	66	66	66	66	66	66	66	66	66	66	66	0	61	61	61	61	61	61	1	1	61	61	61	61	61	61	61	61	61	61	61	61	61	61	61	61	61	0	0	0	1	1	1	1	1	1	1	1	1	1	1	1	1	1	1	1	1	1	1	1	1	1	1	1	1	1	1	1	1	1	1	1	1	1	1	1	0	69	69	69	69	69	1	1	1	1	69	69	69	69	69	69	69	69	69	69	69	69
0	0	1	1	1	1	1	1	1	1	1	1	1	1	1	1	1	1	1	1	1	1	1	1	1	1	1	1	1	1	1	1	1	1	1	1	1	0	0	0	0	0	1	1	1	1	1	1	1	1	1	1	1	1	1	1	1	1	1	1	1	1	0	0	0	0	0	1	1	1	1	1	1	1	1	1	1	1	1	1	1	1	1	1	1	1	1	1	0	0	0	0	0	1	1	1	1	1	1	1	1	1	1	1	1	1	1	1	1	1	1	1	1	1	0	0	0	0	1	1	1	1	1	1	1	1	1	1	1	1	1	1	1	1	1	1	1	1	1	0	0	0	0	0	1	1	1	1	1	1	1	1	1	1	1	1	1	1	1	1	1	1	1	1	1	0	0	0	0	0	1	1	1	1	1	1	1	1	1	1	1	1	1	1	1	1	1	1	1	1	1	1	1	1	1	1	1	1	1	1	1	1	1	1	1	1	0	69	69	69	69	69	1	1	1	1	1	1	1	1	69	69	69	69	69	69	69	69
0	0	1	1	1	1	1	1	1	1	1	1	1	1	1	1	1	1	1	1	1	1	1	1	1	1	1	1	1	1	1	1	1	1	1	1	1	0	0	0	0	1	1	1	1	1	1	1	1	1	1	1	1	1	1	1	1	1	1	1	1	1	1	0	0	0	0	1	1	1	1	1	1	1	1	1	1	1	1	1	1	1	1	1	1	1	1	1	0	0	0	0	1	1	1	1	1	1	1	1	1	1	1	1	1	1	1	1	1	1	1	1	1	1	0	0	0	0	1	1	1	1	1	1	1	1	1	1	1	1	1	1	1	1	1	1	1	1	1	1	0	0	0	0	1	1	1	1	1	1	1	1	1	1	1	1	1	1	1	1	1	1	1	1	1	0	0	0	0	1	1	1	1	1	1	1	1	1	1	1	1	1	1	1	1	1	1	1	1	1	1	1	1	1	1	1	1	1	1	1	1	1	1	1	1	1	0	69	69	69	69	69	1	1	1	1	1	1	1	1	1	69	69	69	69	69	69	69
0	0	1	1	1	1	1	1	1	1	1	1	1	1	1	1	1	1	1	1	1	1	1	1	1	1	1	1	1	1	1	1	1	1	1	1	1	1	1	1	1	1	1	1	1	1	1	1	1	1	1	1	1	1	1	1	1	1	1	1	1	1	1	1	1	1	1	1	1	1	1	1	1	1	1	1	1	1	1	1	1	1	1	1	1	1	1	1	1	1	1	1	1	1	1	1	1	1	1	1	1	1	1	1	1	1	1	1	1	1	1	1	1	1	1	1	1	1	1	1	1	1	1	1	1	1	1	1	1	1	1	1	1	1	1	1	1	1	1	1	1	1	1	1	1	1	1	1	1	1	1	1	1	1	1	1	1	1	1	1	1	1	1	1	1	1	1	1	1	1	1	1	1	1	1	1	1	1	1	1	1	1	1	1	1	1	1	1	1	1	1	1	1	1	1	1	1	1	1	1	1	1	1	1	1	1	0	69	69	69	69	69	1	1	1	1	1	1	1	1	69	69	69	69	69	69	69	69
0	0	1	1	1	1	1	1	1	1	1	1	1	1	1	1	1	1	1	1	1	1	1	1	1	1	1	1	1	1	1	1	1	1	1	1	1	1	1	1	1	1	1	1	1	1	1	1	1	1	1	1	1	1	1	1	1	1	1	1	1	1	1	1	1	1	1	1	1	1	1	1	1	1	1	1	1	1	1	1	1	1	1	1	1	1	1	1	1	1	1	1	1	1	1	1	1	1	1	1	1	1	1	1	1	1	1	1	1	1	1	1	1	1	1	1	1	1	1	1	1	1	1	1	1	1	1	1	1	1	1	1	1	1	1	1	1	1	1	1	1	1	1	1	1	1	1	1	1	1	1	1	1	1	1	1	1	1	1	1	1	1	1	1	1	1	1	1	1	1	1	1	1	1	1	1	1	1	1	1	1	1	1	1	1	1	1	1	1	1	1	1	1	1	1	1	1	1	1	1	1	1	1	1	1	1	0	69	69	69	69	69	69	69	69	69	69	1	1	1	69	69	69	69	69	69	69	69
0	0	1	1	1	1	1	1	1	1	1	1	1	1	1	1	1	1	1	1	1	1	1	1	1	1	1	1	1	1	1	1	1	1	1	1	1	1	1	1	1	1	1	1	1	1	1	1	1	1	1	1	1	1	1	1	1	1	1	1	1	1	1	1	1	1	1	1	1	1	1	1	1	1	1	1	1	1	1	1	1	1	1	1	1	1	1	1	1	1	1	1	1	1	1	1	1	1	1	1	1	1	1	1	1	1	1	1	1	1	1	1	1	1	1	1	1	1	1	1	1	1	1	1	1	1	1	1	1	1	1	1	1	1	1	1	1	1	1	1	1	1	1	1	1	1	1	1	1	1	1	1	1	1	1	1	1	1	1	1	1	1	1	1	1	1	1	1	1	1	1	1	1	1	1	1	1	1	1	1	1	1	1	1	1	1	1	1	1	1	1	1	1	1	1	1	1	1	1	1	1	1	1	1	1	0	0	69	69	69	69	69	69	69	69	69	69	69	69	69	69	69	69	69	69	69	69	69
0	0	1	1	1	1	1	1	1	1	1	1	1	1	1	1	1	1	1	1	1	1	1	1	1	1	1	1	1	1	1	1	1	1	1	1	1	1	1	1	1	1	1	1	1	1	1	1	1	1	1	1	1	1	1	1	1	1	1	1	1	1	1	1	1	1	1	1	1	1	1	1	1	1	1	1	1	1	1	1	1	1	1	1	1	1	1	1	1	1	1	1	1	1	1	1	1	1	1	1	1	1	1	1	1	1	1	1	1	1	1	1	1	1	1	1	1	1	1	1	1	1	1	1	1	1	1	1	1	1	1	1	1	1	1	1	1	1	1	1	1	1	1	1	1	1	1	1	1	1	1	1	1	1	1	1	1	1	1	1	1	1	1	1	1	1	1	1	1	1	1	1	1	1	1	1	1	1	1	1	1	1	1	1	1	1	1	1	1	1	1	1	1	1	1	1	1	1	1	1	1	1	1	1	1	0	0	69	69	69	69	69	69	69	69	69	69	69	69	69	69	69	69	69	69	69	69	69
0	0	0	0	1	1	1	1	1	1	1	1	1	1	1	1	1	1	1	1	1	1	1	1	1	1	1	1	1	1	1	1	1	1	1	1	1	1	1	1	1	1	1	1	1	1	1	1	1	1	1	1	1	1	1	1	1	1	1	1	1	1	1	1	1	1	1	1	1	1	1	1	1	1	1	1	1	1	1	1	1	1	1	1	1	1	1	1	1	1	1	1	1	1	1	1	1	1	1	1	1	1	1	1	1	1	1	1	1	1	1	1	1	1	1	1	1	1	1	1	1	1	1	1	1	1	1	1	1	1	1	1	1	1	1	1	1	1	1	1	1	1	1	1	1	1	1	1	1	1	1	1	1	1	1	1	1	1	1	1	1	1	1	1	1	1	1	1	1	1	1	1	1	1	1	1	1	1	1	1	1	1	1	1	1	1	1	1	1	1	1	1	1	1	1	1	1	1	1	1	1	1	1	1	1	0	0	69	69	69	69	69	69	69	69	69	69	69	69	69	69	69	69	69	69	69	69	69
0	0	0	0	1	1	1	1	1	1	1	1	1	1	1	1	1	1	1	1	1	1	1	1	1	1	1	1	1	1	1	1	1	1	1	1	1	1	1	1	1	1	1	1	1	1	1	1	1	1	1	1	1	1	1	1	1	1	1	1	1	1	1	1	1	1	1	1	1	1	1	1	1	1	1	1	1	1	1	1	1	1	1	1	1	1	1	1	1	1	1	1	1	1	1	1	1	1	1	1	1	1	1	1	1	1	1	1	1	1	1	1	1	1	1	1	1	1	1	1	1	1	1	1	1	1	1	1	1	1	1	1	1	1	1	1	1	1	1	1	1	1	1	1	1	1	1	1	1	1	1	1	1	1	1	1	1	1	1	1	1	1	1	1	1	1	1	1	1	1	1	1	1	1	1	1	1	1	1	1	1	1	1	1	1	1	1	1	1	1	1	1	1	1	1	1	1	1	1	1	1	1	1	1	1	0	0	69	69	69	69	69	69	69	69	69	69	69	69	69	69	69	69	69	69	69	69	69
0	0	0	0	1	1	1	1	1	1	1	1	1	1	1	1	1	1	1	1	1	1	1	1	1	1	1	1	1	1	1	1	1	1	1	1	1	1	1	1	1	1	1	1	1	1	1	1	1	1	1	1	1	1	1	1	1	1	1	1	1	1	1	1	1	1	1	1	1	1	1	1	1	1	1	1	1	1	1	1	1	1	1	1	1	1	1	1	1	1	1	1	1	1	1	1	1	1	1	1	1	1	1	1	1	1	1	1	1	1	1	1	1	1	1	1	1	1	1	1	1	1	1	1	1	1	1	1	1	1	1	1	1	1	1	1	1	1	1	1	1	1	1	1	1	1	1	1	1	1	1	1	1	1	1	1	1	1	1	1	1	1	1	1	1	1	1	1	1	1	1	1	1	1	1	1	1	1	1	1	1	1	1	1	1	1	1	1	1	1	1	1	1	1	1	1	1	1	1	1	1	1	1	1	1	0	0	0	0	0	0	0	0	0	0	0	0	0	0	0	0	0	0	0	0	0	0	0
0	0	0	0	1	1	1	1	1	1	1	1	1	1	1	1	1	1	1	1	1	1	1	1	1	1	1	1	1	1	1	1	1	1	1	1	1	1	1	1	1	1	1	1	1	1	1	1	1	1	1	1	1	1	1	1	1	1	1	1	1	1	1	1	1	1	1	1	1	1	1	1	1	1	1	1	1	1	1	1	1	1	1	1	1	1	1	1	1	1	1	1	1	1	1	1	1	1	1	1	1	1	1	1	1	1	1	1	1	1	1	1	1	1	1	1	1	1	1	1	1	1	1	1	1	1	1	1	1	1	1	1	1	1	1	1	1	1	1	1	1	1	1	1	1	1	1	1	1	1	1	1	1	1	1	1	1	1	1	1	1	1	1	1	1	1	1	1	1	1	1	1	1	1	1	1	1	1	1	1	1	1	1	1	1	1	1	1	1	1	1	1	1	1	1	1	1	1	1	1	1	1	1	1	1	0	0	0	71	71	71	71	71	71	71	71	71	71	71	71	71	71	71	71	71	71	71	71
0	0	0	0	1	1	1	1	1	1	1	1	1	1	1	1	1	1	1	1	1	1	1	1	1	1	1	1	1	1	1	1	1	1	1	1	1	1	1	1	1	1	1	1	1	1	1	1	1	1	1	1	1	1	1	1	1	1	1	1	1	1	1	1	1	1	1	1	1	1	1	1	1	1	1	1	1	1	1	1	1	1	1	1	1	1	1	1	1	1	1	1	1	1	1	1	1	1	1	1	1	1	1	1	1	1	1	1	1	1	1	1	1	1	1	1	1	1	1	1	1	1	1	1	1	1	1	1	1	1	1	1	1	1	1	1	1	1	1	1	1	1	1	1	1	1	1	1	1	1	1	1	1	1	1	1	1	1	1	1	1	1	1	1	1	1	1	1	1	1	1	1	1	1	1	1	1	1	1	1	1	1	1	1	1	1	1	1	1	1	1	1	1	1	1	1	1	1	1	1	1	1	1	1	1	0	0	0	71	71	71	71	71	71	71	71	71	71	71	71	71	71	71	71	71	71	71	71
0	0	1	1	1	1	1	1	1	1	1	1	1	1	1	1	1	1	1	1	1	1	1	1	1	1	1	1	1	1	1	1	1	1	1	1	1	1	1	1	1	1	1	1	1	1	1	1	1	1	1	1	1	1	1	1	1	1	1	1	1	1	1	1	1	1	1	1	1	1	1	1	1	1	1	1	1	1	1	1	1	1	1	1	1	1	1	1	1	1	1	1	1	1	1	1	1	1	1	1	1	1	1	1	1	1	1	1	1	1	1	1	1	1	1	1	1	1	1	1	1	1	1	1	1	1	1	1	1	1	1	1	1	1	1	1	1	1	1	1	1	1	1	1	1	1	1	1	1	1	1	1	1	1	1	1	1	1	1	1	1	1	1	1	1	1	1	1	1	1	1	1	1	1	1	1	1	1	1	1	1	1	1	1	1	1	1	1	1	1	1	1	1	1	1	1	1	1	1	1	1	1	1	1	1	1	1	1	71	71	71	71	71	71	71	71	71	71	71	71	71	71	71	71	71	71	71	71
0	0	1	1	1	1	1	1	1	1	1	1	1	1	1	1	1	1	1	1	1	1	1	1	1	1	1	1	1	1	1	1	1	1	1	1	1	1	1	1	1	1	1	1	1	1	1	1	1	1	1	1	1	1	1	1	1	1	1	1	1	1	1	1	1	1	1	1	1	1	1	1	1	1	1	1	1	1	1	1	1	1	1	1	1	1	1	1	1	1	1	1	1	1	1	1	1	1	1	1	1	1	1	1	1	1	1	1	1	1	1	1	1	1	1	1	1	1	1	1	1	1	1	1	1	1	1	1	1	1	1	1	1	1	1	1	1	1	1	1	1	1	1	1	1	1	1	1	1	1	1	1	1	1	1	1	1	1	1	1	1	1	1	1	1	1	1	1	1	1	1	1	1	1	1	1	1	1	1	1	1	1	1	1	1	1	1	1	1	1	1	1	1	1	1	1	1	1	1	1	1	1	1	1	1	1	1	1	15	15	15	15	15	15	15	15	15	15	15	15	15	15	15	15	15	15	71	71
0	0	0	0	1	1	1	1	1	1	1	1	1	1	1	1	1	1	1	1	1	1	1	1	1	1	1	1	1	1	1	1	1	1	1	1	1	1	1	1	1	1	1	1	1	1	1	1	1	1	1	1	1	1	1	1	1	1	1	1	1	1	1	1	1	1	1	1	1	1	1	1	1	1	1	1	1	1	1	1	1	1	1	1	1	1	1	1	1	1	1	1	1	1	1	1	1	1	1	1	1	1	1	1	1	1	1	1	1	1	1	1	1	1	1	1	1	1	1	1	1	1	1	1	1	1	1	1	1	1	1	1	1	1	1	1	1	1	1	1	1	1	1	1	1	1	1	1	1	1	1	1	1	1	1	1	1	1	1	1	1	1	1	1	1	1	1	1	1	1	1	1	1	1	1	1	1	1	1	1	1	1	1	1	1	1	1	1	1	1	1	1	1	1	1	1	1	1	1	1	1	1	1	1	1	1	1	1	15	15	15	15	15	15	15	15	15	15	15	15	15	15	15	15	15	15	71	71
0	0	0	0	1	1	1	1	1	1	1	1	1	1	1	1	1	1	1	1	1	1	1	1	1	1	1	1	1	1	1	1	1	1	1	1	1	1	1	1	1	1	1	1	1	1	1	1	1	1	1	1	1	1	1	1	1	1	1	1	1	1	1	1	1	1	1	1	1	1	1	1	1	1	1	1	1	1	1	1	1	1	1	1	1	1	1	1	1	1	1	1	1	1	1	1	1	1	1	1	1	1	1	1	1	1	1	1	1	1	1	1	1	1	1	1	1	1	1	1	1	1	1	1	1	1	1	1	1	1	1	1	1	1	1	1	1	1	1	1	1	1	1	1	1	1	1	1	1	1	1	1	1	1	1	1	1	1	1	1	1	1	1	1	1	1	1	1	1	1	1	1	1	1	1	1	1	1	1	1	1	1	1	1	1	1	1	1	1	1	1	1	1	1	1	1	1	1	1	1	1	1	1	1	1	1	1	1	15	15	15	15	15	15	15	15	15	15	15	15	15	15	15	15	15	15	71	71
0	0	0	0	1	1	1	1	1	1	1	1	1	1	1	1	1	1	1	1	1	1	1	1	1	1	1	1	1	1	1	1	1	1	1	1	1	0	0	0	0	1	1	1	1	1	1	1	1	1	1	1	1	1	1	1	1	1	1	1	1	1	1	0	0	0	0	1	1	1	1	1	1	1	1	1	1	1	1	1	1	1	1	1	1	1	1	1	0	0	0	0	1	1	1	1	1	1	1	1	1	1	1	1	1	1	1	1	1	1	1	1	1	1	0	0	0	0	1	1	1	1	1	1	1	1	1	1	1	1	1	1	1	1	1	1	1	1	1	1	0	0	0	0	1	1	1	1	1	1	1	1	1	1	1	1	1	1	1	1	1	1	1	1	1	0	0	0	0	1	1	1	1	1	1	1	1	1	1	1	1	1	1	1	1	1	1	1	1	1	1	1	1	1	1	1	1	1	1	1	1	1	1	1	1	1	1	1	15	15	15	15	15	15	15	15	15	15	15	15	15	15	15	15	15	15	71	71
0	0	0	0	1	1	1	1	1	1	1	1	1	1	1	1	1	1	1	1	1	1	1	1	1	1	1	1	1	1	1	1	1	1	1	1	1	0	0	0	0	0	1	1	1	1	1	1	1	1	1	1	1	1	1	1	1	1	1	1	1	1	0	0	0	0	0	1	1	1	1	1	1	1	1	1	1	1	1	1	1	1	1	1	1	1	1	1	0	0	0	0	0	1	1	1	1	1	1	1	1	1	1	1	1	1	1	1	1	1	1	1	1	1	0	0	0	0	0	1	1	1	1	1	1	1	1	1	1	1	1	1	1	1	1	1	1	1	1	0	0	0	0	0	1	1	1	1	1	1	1	1	1	1	1	1	1	1	1	1	1	1	1	1	1	0	0	0	0	0	1	1	1	1	1	1	1	1	1	1	1	1	1	1	1	1	1	1	1	1	1	1	1	1	1	1	1	1	1	1	1	1	1	1	1	1	1	1	71	71	71	71	71	71	71	71	71	71	71	71	71	71	71	71	71	71	71	71
0	0	0	0	1	1	1	1	1	1	1	1	1	1	56	56	56	56	56	56	56	56	56	56	56	56	56	56	56	56	56	1	56	56	56	56	56	56	56	0	63	63	63	63	63	63	63	63	63	63	63	63	63	63	63	63	63	1	63	63	63	63	63	63	0	59	59	59	59	59	59	59	59	59	59	59	59	59	59	59	59	59	1	1	59	59	59	59	59	59	0	55	55	55	55	55	55	55	55	55	55	55	55	55	55	55	55	55	1	55	55	55	55	55	55	55	0	64	64	64	64	64	64	64	64	64	64	64	64	64	64	64	64	1	1	64	64	64	64	64	64	0	65	65	65	65	65	65	65	65	65	65	65	65	65	65	65	65	65	1	1	65	65	65	65	65	65	0	76	76	1	1	1	1	1	1	1	1	1	1	1	1	1	1	1	1	1	1	1	1	1	1	1	1	1	1	1	1	1	1	1	1	1	1	1	1	1	1	1	1	1	1	1	1	1	1	1	1	1	1	1	1	1	1	1	1	1	71
0	0	0	0	1	1	1	1	1	1	1	1	1	1	56	56	56	56	56	56	56	56	56	56	56	56	56	56	56	56	56	1	56	56	56	56	56	56	56	0	63	63	63	63	63	63	63	63	63	63	63	63	63	63	63	63	63	1	63	63	63	63	63	63	0	59	59	59	59	59	59	59	59	59	59	59	59	59	59	59	59	59	1	1	59	59	59	59	59	59	0	55	55	55	55	55	55	55	55	55	55	55	55	55	55	55	55	55	1	55	55	55	55	55	55	55	0	64	64	64	64	64	64	64	64	64	64	64	64	64	64	64	64	1	1	64	64	64	64	64	64	0	65	65	65	65	65	65	65	65	65	65	65	65	65	65	65	65	65	1	1	65	65	65	65	65	65	0	76	76	1	1	1	1	1	1	1	1	1	1	1	1	1	1	1	1	1	1	1	1	1	1	1	1	1	1	1	1	1	1	1	1	1	1	1	1	1	1	1	1	1	1	1	1	1	1	1	1	1	1	1	1	1	1	1	1	1	71
0	0	0	0	1	1	1	1	1	1	1	1	1	1	56	56	56	56	56	56	56	56	56	56	56	56	56	56	56	56	56	1	56	56	56	56	56	56	56	0	63	63	63	63	63	63	63	63	63	63	63	63	63	63	63	63	63	1	63	63	63	63	63	63	0	59	59	59	59	59	59	59	59	59	59	59	59	59	59	59	59	59	1	1	59	59	59	59	59	59	0	55	55	55	55	55	55	55	55	55	55	55	55	55	55	55	55	55	1	55	55	55	55	55	55	55	0	64	64	64	64	64	64	64	64	64	64	64	64	64	64	64	64	1	1	64	64	64	64	64	64	0	65	65	65	65	65	65	65	65	65	65	65	65	65	65	65	65	65	1	1	65	65	65	65	65	65	0	76	76	1	1	1	1	1	1	1	1	1	1	1	1	1	1	1	1	1	1	1	1	1	1	1	1	1	1	1	1	1	1	1	1	1	1	1	1	1	1	1	1	1	1	1	1	1	1	1	1	1	1	1	1	1	1	1	1	1	71
0	0	0	0	1	1	1	1	1	1	1	1	1	1	56	56	56	1	1	1	56	56	56	56	56	56	56	56	56	56	56	1	1	1	1	56	56	56	56	0	63	63	1	1	1	1	63	63	63	63	63	63	63	63	63	63	1	1	1	1	1	63	63	63	0	59	59	59	1	1	1	59	59	59	59	59	59	59	59	59	59	59	1	1	1	1	59	59	59	59	0	55	55	1	1	1	1	55	55	55	55	55	55	55	55	55	55	55	1	1	1	1	55	55	55	55	0	64	64	1	1	1	1	64	64	64	64	64	64	64	64	64	64	1	1	1	1	1	64	64	64	0	65	65	65	1	1	1	65	65	65	65	65	65	65	65	65	65	65	1	1	1	1	65	65	65	65	0	76	76	1	1	1	1	1	1	1	1	1	1	1	1	1	1	1	1	1	1	1	1	1	1	1	1	1	1	1	1	1	1	1	1	1	1	1	1	1	1	1	1	1	1	1	1	1	1	1	1	1	1	1	1	1	1	1	1	1	71
0	0	0	0	1	1	1	1	1	1	1	1	1	1	56	56	56	1	1	1	56	8	8	8	8	8	8	8	8	8	56	1	1	1	1	56	56	56	56	0	63	63	1	1	1	1	63	51	51	51	51	51	51	51	51	63	1	1	1	1	1	63	63	63	0	59	59	59	1	1	1	59	59	31	31	31	31	31	31	31	31	59	1	1	1	1	59	59	59	59	0	55	55	1	1	1	1	55	4	4	4	4	4	4	4	4	4	55	1	1	1	1	55	55	55	55	0	64	64	1	1	1	1	64	6	6	6	6	6	6	6	6	64	1	1	1	1	1	64	64	64	0	65	65	65	1	1	1	65	49	49	49	49	49	49	49	49	49	65	1	1	1	1	65	65	65	65	0	76	76	1	1	1	1	1	1	1	1	1	1	1	1	1	1	1	1	1	1	1	1	1	1	1	1	1	1	1	1	1	1	1	1	1	1	1	1	1	1	1	1	1	1	1	1	1	1	1	1	1	1	1	1	1	1	1	1	1	71
0	0	0	0	1	1	1	1	1	1	1	1	1	1	56	56	56	1	1	1	56	8	8	8	8	8	8	8	8	8	56	1	1	1	1	56	56	56	56	0	63	63	1	1	1	1	63	51	51	51	51	51	51	51	51	63	1	1	1	1	1	63	63	63	0	59	59	59	1	1	1	59	59	31	31	31	31	31	31	31	31	59	1	1	1	1	59	59	59	59	0	55	55	1	1	1	1	55	4	4	4	4	4	4	4	4	4	55	1	1	1	1	55	55	55	55	0	64	64	1	1	1	1	64	6	6	6	6	6	6	6	6	64	1	1	1	1	1	64	64	64	0	65	65	65	1	1	1	65	49	49	49	49	49	49	49	49	49	65	1	1	1	1	65	65	65	65	0	76	76	1	1	1	1	1	1	1	1	1	1	1	1	1	1	1	1	1	1	1	1	1	1	1	1	1	1	1	1	1	1	1	1	1	1	1	1	1	1	1	1	1	1	1	1	1	1	1	1	1	1	1	1	1	1	1	1	1	71
0	0	0	0	1	1	1	1	1	1	1	1	1	1	56	56	56	1	1	1	56	8	8	8	8	8	8	8	8	8	56	1	1	1	1	56	56	56	56	0	63	63	1	1	1	1	63	51	51	51	51	51	51	51	51	63	1	1	1	1	1	63	63	63	0	59	59	59	1	1	1	59	59	31	31	31	31	31	31	31	31	59	1	1	1	1	59	59	59	59	0	55	55	1	1	1	1	55	4	4	4	4	4	4	4	4	4	55	1	1	1	1	55	55	55	55	0	64	64	1	1	1	1	64	6	6	6	6	6	6	6	6	64	1	1	1	1	1	64	64	64	0	65	65	65	1	1	1	65	49	49	49	49	49	49	49	49	49	65	1	1	1	1	65	65	65	65	0	76	76	1	1	1	1	1	1	1	1	1	1	1	1	1	1	1	1	1	1	1	1	1	1	1	1	1	1	1	1	1	1	1	1	1	1	1	1	1	1	1	1	1	1	1	1	1	1	1	1	1	1	1	1	1	1	1	1	1	71
0	0	0	0	1	1	1	1	1	1	1	1	1	1	56	56	56	1	1	1	56	8	8	8	8	8	8	8	8	8	56	1	1	1	1	56	56	56	56	0	63	63	1	1	1	1	63	51	51	51	51	51	51	51	51	63	1	1	1	1	1	63	63	63	0	59	59	59	1	1	1	59	59	31	31	31	31	31	31	31	31	59	1	1	1	1	59	59	59	59	0	55	55	1	1	1	1	55	4	4	4	4	4	4	4	4	4	55	1	1	1	1	55	55	55	55	0	64	64	1	1	1	1	64	6	6	6	6	6	6	6	6	64	1	1	1	1	1	64	64	64	0	65	65	65	1	1	1	65	49	49	49	49	49	49	49	49	49	65	1	1	1	1	65	65	65	65	0	76	76	1	1	1	1	1	1	1	1	1	1	1	1	1	1	1	1	1	1	1	1	1	1	1	1	1	1	1	1	1	1	1	1	1	1	1	1	1	1	1	1	1	1	1	1	1	1	1	1	1	1	1	1	1	1	1	1	1	71
0	0	0	0	1	1	1	1	1	1	1	1	1	1	56	56	56	1	1	1	56	8	8	8	8	8	8	8	8	8	56	1	1	1	1	56	56	56	56	0	63	63	1	1	1	1	63	51	51	51	51	51	51	51	51	63	1	1	1	1	1	63	63	63	0	59	59	59	1	1	1	59	59	31	31	31	31	31	31	31	31	59	1	1	1	1	59	59	59	59	0	55	55	1	1	1	1	55	4	4	4	4	4	4	4	4	4	55	1	1	1	1	55	55	55	55	0	64	64	1	1	1	1	64	6	6	6	6	6	6	6	6	64	1	1	1	1	1	64	64	64	0	65	65	65	1	1	1	65	49	49	49	49	49	49	49	49	49	65	1	1	1	1	65	65	65	65	0	76	76	1	1	1	1	1	1	1	1	1	1	1	1	1	1	1	1	1	1	1	1	1	1	1	1	1	1	1	1	1	1	1	1	1	1	1	1	1	1	1	1	1	1	1	1	1	1	1	1	1	1	1	1	1	1	1	1	1	71
0	0	0	0	1	1	1	1	1	1	1	1	1	1	56	56	56	56	56	1	56	8	8	8	8	8	8	8	8	8	56	1	1	1	1	56	56	56	56	0	63	63	63	63	63	1	63	51	51	51	51	51	51	51	51	63	1	1	1	1	1	63	63	63	0	59	59	59	59	59	59	59	59	31	31	31	31	31	31	31	31	59	1	1	1	1	59	59	59	59	0	55	55	55	55	55	1	55	4	4	4	4	4	4	4	4	4	55	1	1	1	1	55	55	55	55	0	64	64	64	64	64	1	64	6	6	6	6	6	6	6	6	64	1	1	1	1	64	64	64	64	0	65	65	65	65	65	65	65	49	49	49	49	49	49	49	49	49	65	1	1	1	1	65	65	65	65	0	76	76	1	1	1	1	1	1	1	1	1	1	1	1	1	1	1	1	1	1	1	1	1	1	1	1	1	1	1	1	1	1	1	1	1	1	1	1	1	1	1	1	1	1	1	1	1	1	1	1	1	1	1	1	1	1	1	1	1	71
0	0	0	0	1	1	1	1	1	1	1	1	1	1	56	56	56	56	56	1	56	8	8	8	8	8	8	8	8	8	56	1	1	1	1	56	56	56	56	0	63	63	63	63	63	1	63	51	51	51	51	51	51	51	51	63	1	1	1	1	1	63	63	63	0	59	59	59	59	59	59	59	59	31	31	31	31	31	31	31	31	59	1	1	1	1	59	59	59	59	0	55	55	55	55	55	1	55	4	4	4	4	4	4	4	4	4	55	1	1	1	1	55	55	55	55	0	64	64	64	64	64	1	64	6	6	6	6	6	6	6	6	64	1	1	1	1	64	64	64	64	0	65	65	65	65	65	65	65	49	49	49	49	49	49	49	49	49	65	1	1	1	1	65	65	65	65	0	76	76	1	1	1	1	1	1	1	1	1	1	1	1	1	1	1	1	1	1	1	1	1	1	1	1	1	1	1	1	1	1	1	1	1	1	1	1	1	1	1	1	1	1	71	71	71	71	71	71	71	71	71	71	1	1	1	1	1	71
0	0	0	0	1	1	1	1	1	1	1	1	1	1	56	56	56	56	56	1	56	8	8	8	8	8	8	8	8	8	56	1	1	1	1	56	56	56	56	0	63	63	63	63	63	1	63	51	51	51	51	51	51	51	51	63	1	1	1	1	1	63	63	63	0	59	59	59	59	59	59	59	59	31	31	31	31	31	31	31	31	59	1	1	1	1	59	59	59	59	0	55	55	55	55	55	1	55	4	4	4	4	4	4	4	4	4	55	1	1	1	1	55	55	55	55	0	64	64	64	64	64	1	64	6	6	6	6	6	6	6	6	64	1	1	1	1	64	64	64	64	0	65	65	65	65	65	65	65	49	49	49	49	49	49	49	49	49	65	1	1	1	1	65	65	65	65	0	76	76	76	76	76	76	76	76	76	76	76	76	76	76	76	76	76	76	1	1	1	1	1	1	1	1	1	1	1	1	1	1	1	1	1	1	1	1	1	1	1	1	1	1	71	13	13	13	71	71	71	71	71	71	1	1	1	1	1	71
0	0	0	0	1	1	1	1	1	1	1	1	1	1	56	56	56	56	56	1	56	56	56	56	56	56	56	56	56	56	56	1	1	1	1	7	7	7	56	0	63	63	63	63	63	1	63	63	63	63	63	63	63	63	63	63	1	1	1	1	1	50	50	50	0	59	59	59	59	59	59	59	59	59	59	59	59	59	59	59	59	59	1	1	1	1	30	30	30	59	0	55	55	55	55	55	1	55	55	55	55	55	55	55	55	55	55	55	1	1	1	1	3	3	3	55	0	64	64	64	64	64	1	64	64	64	64	64	64	64	64	64	64	1	1	1	1	64	5	5	5	0	65	65	65	65	65	1	65	65	65	65	65	65	65	65	65	65	65	1	1	1	1	48	48	48	65	0	76	76	76	40	40	40	40	76	76	76	76	41	41	41	41	76	76	76	1	1	1	1	1	1	1	1	1	1	1	1	1	1	1	1	1	1	1	1	1	1	1	1	1	1	71	13	13	13	71	71	71	71	71	71	1	1	1	1	1	71
0	0	0	0	1	1	1	1	1	1	1	1	1	1	56	56	56	56	56	1	56	56	56	56	1	1	1	1	1	1	1	1	1	1	1	7	7	7	56	0	63	63	63	63	63	1	63	63	63	1	1	1	1	1	1	1	1	1	1	1	1	50	50	50	0	59	59	59	59	59	59	59	59	59	59	1	1	1	1	1	1	1	1	1	1	1	30	30	30	59	0	55	55	55	55	55	1	55	55	55	55	1	1	1	1	1	1	1	1	1	1	1	3	3	3	55	0	64	64	64	64	64	1	64	64	64	1	1	1	1	1	1	1	1	1	1	1	64	5	5	5	0	65	65	65	65	65	1	65	65	65	65	1	1	1	1	1	1	1	1	1	1	1	48	48	48	65	0	76	76	76	40	40	40	40	76	76	76	76	41	41	41	41	76	76	76	1	1	1	1	1	1	1	1	1	1	1	1	1	1	1	1	1	1	1	1	1	1	1	1	1	1	71	13	13	13	71	71	71	71	71	71	1	1	1	1	1	71
0	0	0	0	1	1	1	1	1	1	1	1	1	1	56	56	56	56	56	1	56	56	56	1	1	1	1	1	1	1	1	1	1	1	1	7	7	7	56	0	63	63	63	63	63	1	63	63	63	1	1	1	1	1	1	1	1	1	1	1	1	50	50	50	0	59	59	59	59	59	59	59	59	59	59	1	1	1	1	1	1	1	1	1	1	1	30	30	30	59	0	55	55	55	55	55	1	55	55	55	1	1	1	1	1	1	1	1	1	1	1	1	3	3	3	55	0	64	64	64	64	64	1	64	64	64	1	1	1	1	1	1	1	1	1	1	1	64	5	5	5	0	65	65	65	65	65	1	65	65	65	65	1	1	1	1	1	1	1	1	1	1	1	48	48	48	65	0	76	76	76	40	40	40	40	76	76	76	76	41	41	41	41	76	76	76	1	1	1	1	1	1	1	1	1	1	1	1	1	1	1	1	1	1	1	1	1	1	1	1	71	71	71	71	71	71	71	71	71	71	71	71	71	71	71	1	1	71
0	0	0	0	1	1	1	1	1	1	1	1	1	1	56	56	56	56	56	1	56	56	56	1	1	1	1	1	1	1	1	1	1	1	1	7	7	7	56	0	63	63	63	63	63	1	63	63	63	1	1	1	1	1	1	1	1	1	1	1	1	50	50	50	0	59	59	59	59	59	59	59	59	59	1	1	1	1	1	1	1	1	1	1	1	1	30	30	30	59	0	55	55	55	55	55	1	55	55	55	1	1	1	1	1	1	1	1	1	1	1	1	3	3	3	55	0	64	64	64	64	64	1	64	64	64	1	1	1	1	1	1	1	1	1	1	1	64	5	5	5	0	65	65	65	65	65	1	65	65	65	1	1	1	1	1	1	1	1	1	1	1	1	48	48	48	65	0	76	76	76	40	40	40	40	76	76	76	76	41	41	41	41	76	76	76	1	1	1	1	1	1	1	1	1	1	1	1	1	1	1	1	1	1	1	1	1	1	1	1	71	71	71	71	71	12	12	12	12	12	71	71	71	71	71	1	1	71
0	0	0	0	1	1	1	1	1	1	1	1	1	1	56	56	56	56	56	1	56	56	56	1	1	1	1	1	1	1	1	1	56	56	56	7	7	7	56	0	63	63	63	63	63	1	63	63	63	1	1	1	1	1	1	1	1	63	63	63	63	50	50	50	0	59	59	59	59	59	59	59	59	59	1	1	1	1	1	1	1	1	1	59	59	59	30	30	30	59	0	55	55	55	55	55	1	55	55	55	1	1	1	1	1	1	1	1	1	55	55	55	3	3	3	55	0	64	64	64	64	64	1	64	64	64	1	1	1	1	1	1	1	1	64	64	64	64	5	5	5	0	65	65	65	65	65	1	65	65	65	1	1	1	1	1	1	1	1	1	65	65	65	48	48	48	65	0	76	76	76	40	40	40	40	76	76	76	76	41	41	41	41	76	76	76	1	1	1	1	1	1	1	1	1	1	1	1	1	1	1	1	1	1	1	1	1	1	1	1	71	71	71	71	71	12	12	12	12	12	71	71	71	71	71	1	1	71
0	0	0	0	1	1	1	1	1	1	1	1	1	1	56	56	56	56	56	1	56	56	56	1	1	1	1	1	1	1	1	56	56	56	56	7	7	7	56	0	63	63	63	63	63	1	63	63	63	1	1	1	1	1	1	1	63	63	63	63	63	50	50	50	0	59	59	59	59	59	1	59	59	59	1	1	1	1	1	1	1	1	59	59	59	59	30	30	30	59	0	55	55	55	55	55	1	55	55	55	1	1	1	1	1	1	1	1	55	55	55	55	3	3	3	55	0	64	64	64	64	64	1	64	64	64	1	1	1	1	1	1	1	64	64	64	64	64	5	5	5	0	65	65	65	65	65	1	65	65	65	1	1	1	1	1	1	1	1	65	65	65	65	48	48	48	65	0	76	76	76	40	40	40	40	76	76	76	76	41	41	41	41	76	76	76	1	1	1	1	1	1	1	1	1	1	1	1	1	1	1	1	1	1	1	1	1	1	1	1	71	71	71	71	71	12	12	12	12	12	71	71	71	71	71	1	1	71
0	0	0	0	1	1	1	1	1	1	1	1	1	1	56	56	56	1	1	1	56	56	56	1	1	1	1	1	1	1	1	56	56	56	56	7	7	7	56	0	63	63	1	1	1	1	63	63	63	1	1	1	1	1	1	1	1	63	63	63	63	50	50	50	0	59	59	59	1	1	1	59	59	59	1	1	1	1	1	1	1	1	59	59	59	59	30	30	30	59	0	55	55	1	1	1	1	55	55	55	1	1	1	1	1	1	1	1	55	55	55	55	3	3	3	55	0	64	64	1	1	1	1	64	64	64	1	1	1	1	1	1	1	1	64	64	64	64	5	5	5	0	65	65	65	1	1	1	65	65	65	1	1	1	1	1	1	1	1	65	65	65	65	48	48	48	65	0	76	76	76	40	40	40	40	76	76	76	76	41	41	41	41	76	76	76	76	76	0	1	1	1	1	1	1	1	1	1	1	1	1	1	1	1	1	1	1	1	71	71	71	71	71	71	71	71	71	71	71	71	71	71	71	71	71	71	71	71
0	0	0	0	1	1	1	1	1	1	1	1	1	1	56	56	56	1	1	1	56	56	56	1	1	1	1	1	1	1	1	56	56	56	56	7	7	7	56	0	63	63	1	1	1	1	63	63	63	1	1	1	1	1	1	1	1	63	63	63	63	50	50	50	0	59	59	59	1	1	1	59	59	59	59	1	1	1	1	1	1	1	1	59	59	59	30	30	30	59	0	55	55	1	1	1	1	55	55	55	1	1	1	1	1	1	1	1	55	55	55	55	3	3	3	55	0	64	64	1	1	1	1	64	64	64	1	1	1	1	1	1	1	1	64	64	64	64	5	5	5	0	65	65	65	1	1	1	65	65	65	1	1	1	1	1	1	1	1	65	65	65	65	48	48	48	65	0	76	76	76	76	76	76	76	76	76	76	76	76	76	76	76	76	76	76	76	76	0	1	1	1	1	1	1	1	1	1	1	1	1	1	1	1	1	1	1	1	71	71	71	71	16	16	16	71	71	71	71	71	14	14	14	71	71	71	71	71
0	0	0	0	1	1	1	1	1	1	1	1	1	1	56	56	56	1	1	1	56	56	56	1	1	1	1	1	1	1	1	1	56	56	56	7	7	7	56	0	63	63	1	1	1	1	63	63	63	1	1	1	1	1	1	1	1	1	63	63	63	50	50	50	0	59	59	59	1	1	1	59	59	59	1	1	1	1	1	1	1	1	1	59	59	59	30	30	30	59	0	55	55	1	1	1	1	55	55	55	1	1	1	1	1	1	1	1	1	55	55	55	3	3	3	55	0	64	64	1	1	1	1	64	64	64	1	1	1	1	1	1	1	1	64	64	64	64	5	5	5	0	65	65	65	1	1	1	65	65	65	1	1	1	1	1	1	1	1	1	65	65	65	48	48	48	65	0	76	76	76	76	76	1	1	1	1	1	1	1	1	1	1	1	76	76	76	76	0	1	1	1	1	1	1	1	1	1	1	1	1	1	1	1	1	1	1	1	71	71	71	71	16	16	16	71	71	71	71	71	14	14	14	71	71	71	71	71
0	0	0	0	0	0	0	0	0	0	0	0	0	0	56	56	56	56	56	56	56	56	56	56	56	56	56	56	56	56	56	56	56	56	56	56	56	56	56	0	63	63	63	63	63	63	63	63	63	63	63	63	63	63	63	63	63	63	63	63	63	63	63	63	0	59	59	59	59	59	59	59	59	59	59	59	59	59	59	59	59	59	59	59	59	59	59	59	59	59	0	55	55	55	55	55	55	55	55	55	55	55	55	55	55	55	55	55	55	55	55	55	55	55	55	55	0	64	64	64	64	64	64	64	64	64	64	64	64	64	64	64	64	64	64	64	64	64	64	64	64	0	65	65	65	65	65	65	65	65	65	65	65	65	65	65	65	65	65	65	65	65	65	65	65	65	65	0	76	76	76	76	76	76	76	76	76	76	76	76	76	76	76	76	76	76	76	76	0	0	0	0	0	0	0	0	0	0	0	0	0	0	0	0	0	0	0	0	71	71	71	71	16	16	16	71	71	71	71	71	14	14	14	71	71	71	71	71
0	0	0	0	0	0	0	0	0	0	0	0	0	0	56	56	56	56	56	56	56	56	56	56	56	56	56	56	56	56	56	56	56	56	56	56	56	56	56	0	63	63	63	63	63	63	63	63	63	63	63	63	63	63	63	63	63	63	63	63	63	63	63	63	0	59	59	59	59	59	59	59	59	59	59	59	59	59	59	59	59	59	59	59	59	59	59	59	59	59	0	55	55	55	55	55	55	55	55	55	55	55	55	55	55	55	55	55	55	55	55	55	55	55	55	55	0	64	64	64	64	64	64	64	64	64	64	64	64	64	64	64	64	64	64	64	64	64	64	64	64	0	65	65	65	65	65	65	65	65	65	65	65	65	65	65	65	65	65	65	65	65	65	65	65	65	65	0	76	76	76	76	76	76	76	76	76	76	76	76	76	76	76	76	76	76	76	76	0	0	0	0	0	0	0	0	0	0	0	0	0	0	0	0	0	0	0	0	0	0	0	0	0	0	0	0	0	0	0	0	0	0	0	0	0	0	0	0
0	0	0	0	0	0	0	0	0	0	0	0	0	0	0	0	0	0	0	0	0	0	0	0	0	0	0	0	0	0	0	0	0	0	0	0	0	0	0	0	0	0	0	0	0	0	0	0	0	0	0	0	0	0	0	0	0	0	0	0	0	0	0	0	0	0	0	0	0	0	0	0	0	0	0	0	0	0	0	0	0	0	0	0	0	0	0	0	0	0	0	0	0	0	0	0	0	0	0	0	0	0	0	0	0	0	0	0	0	0	0	0	0	0	0	0	0	0	0	0	0	0	0	0	0	0	0	0	0	0	0	0	0	0	0	0	0	0	0	0	0	0	0	0	0	0	0	0	0	0	0	0	0	0	0	0	0	0	0	0	0	0	0	0	0	0	0	0	0	0	0	0	0	0	0	0	0	0	0	0	0	0	0	0	0	0	0	0	0	0	0	0	0	0	0	0	0	0	0	0	0	0	0	0	0	0	0	0	0	0	0	0	0	0	0	0	0	0	0	0	0	0	0	0	0	0	0	0
0	0	0	0	0	0	0	0	0	0	0	0	0	0	0	0	0	0	0	0	0	0	0	0	0	0	0	0	0	0	0	0	0	0	0	0	0	0	0	0	0	0	0	0	0	0	0	0	0	0	0	0	0	0	0	0	0	0	0	0	0	0	0	0	0	0	0	0	0	0	0	0	0	0	0	0	0	0	0	0	0	0	0	0	0	0	0	0	0	0	0	0	0	0	0	0	0	0	0	0	0	0	0	0	0	0	0	0	0	0	0	0	0	0	0	0	0	0	0	0	0	0	0	0	0	0	0	0	0	0	0	0	0	0	0	0	0	0	0	0	0	0	0	0	0	0	0	0	0	0	0	0	0	0	0	0	0	0	0	0	0	0	0	0	0	0	0	0	0	0	0	0	0	0	0	0	0	0	0	0	0	0	0	0	0	0	0	0	0	0	1	1	1	1	1	1	0	0	0	0	0	1	1	1	1	1	1	0	0	0	0	0	0	0	0	0	0	0	0	0	0	0	0	0	0	0	0	0
0	0	0	0	0	0	0	0	0	0	0	0	0	0	0	0	0	0	0	0	0	0	0	0	0	0	0	0	0	0	0	0	0	0	0	0	0	0	0	0	0	0	0	0	0	0	0	0	0	0	0	0	0	0	0	0	0	0	0	0	0	0	0	0	0	0	0	0	0	0	0	0	0	0	0	0	0	0	0	0	0	0	0	0	0	0	0	0	0	0	0	0	0	0	0	0	0	0	0	0	0	0	0	0	0	0	0	0	0	0	0	0	0	0	0	0	0	0	0	0	0	0	0	0	0	0	0	0	0	0	0	0	0	0	0	0	0	0	0	0	0	0	0	0	0	0	0	0	0	0	0	0	0	0	0	0	0	0	0	0	0	0	0	0	0	0	0	0	0	0	0	0	0	0	0	0	0	0	0	0	0	0	0	0	0	0	0	0	0	0	1	1	1	1	1	1	0	0	0	0	0	1	1	1	1	1	1	0	0	0	0	0	0	0	0	0	0	0	0	0	0	0	0	0	0	0	0	0
0	0	0	0	0	0	0	0	0	0	0	0	0	0	0	0	0	0	0	0	0	0	0	0	0	0	0	0	0	0	0	0	0	0	0	0	0	0	0	0	0	0	0	0	0	0	0	0	0	0	0	0	0	0	0	0	0	0	0	0	0	0	0	0	0	0	0	0	0	0	0	0	0	0	0	0	0	0	0	0	0	0	0	0	0	0	0	0	0	0	0	0	0	0	0	0	0	0	0	0	0	0	0	0	0	0	0	0	0	0	0	0	0	0	0	0	0	0	0	0	0	0	0	0	0	0	0	0	0	0	0	0	0	0	0	0	0	0	0	0	0	0	0	0	0	0	0	0	0	0	0	0	0	0	0	0	0	0	0	0	0	0	0	0	0	0	0	0	0	0	0	0	0	0	0	0	0	0	0	0	0	0	0	0	0	0	0	0	0	0	1	1	1	1	1	1	0	0	0	0	0	1	1	1	1	1	1	0	0	0	0	0	0	0	0	0	0	0	0	0	0	0	0	0	0	0	0	0
0	0	0	0	0	0	0	0	0	0	0	0	0	0	0	0	0	0	0	0	0	0	0	0	0	0	0	0	0	0	0	0	0	0	0	0	0	0	0	0	0	0	0	0	0	0	0	0	0	0	0	0	0	0	0	0	0	0	0	0	0	0	0	0	0	0	0	0	0	0	0	0	0	0	0	0	0	0	0	0	0	0	0	0	0	0	0	0	0	0	0	0	0	0	0	0	0	0	0	0	0	0	0	0	0	0	0	0	0	0	0	0	0	0	0	0	0	0	0	0	0	0	0	0	0	0	0	0	0	0	0	0	0	0	0	0	0	0	0	0	0	0	0	0	0	0	0	0	0	0	0	0	0	0	0	0	0	0	0	0	0	0	0	0	0	0	0	0	0	0	0	0	0	0	0	0	0	0	0	0	0	0	0	0	0	0	0	0	0	0	1	1	1	1	1	1	0	0	0	0	0	1	1	1	1	1	1	0	0	0	0	0	0	0	0	0	0	0	0	0	0	0	0	0	0	0	0	0
0	0	0	0	0	0	0	0	0	0	0	0	0	0	0	0	0	0	0	0	0	0	0	0	0	0	0	0	0	0	0	0	0	0	0	0	0	0	0	0	0	0	0	0	0	0	0	0	0	0	0	0	0	0	0	0	0	0	0	0	0	0	0	0	0	0	0	0	0	0	0	0	0	0	0	0	0	0	0	0	0	0	0	0	0	0	0	0	0	0	0	0	0	0	0	0	0	0	0	0	0	0	0	0	0	0	0	0	0	0	0	0	0	0	0	0	0	0	0	0	0	0	0	0	0	0	0	0	0	0	0	0	0	0	0	0	0	0	0	0	0	0	0	0	0	0	0	0	0	0	0	0	0	0	0	0	0	0	0	0	0	0	0	0	0	0	0	0	0	0	0	0	0	0	0	0	0	0	0	0	0	0	0	0	0	0	0	0	0	0	1	1	1	1	1	1	0	0	0	0	0	1	1	1	1	1	1	0	0	0	0	0	0	0	0	0	0	0	0	0	0	0	0	0	0	0	0	0
0	0	0	0	0	0	0	0	0	0	0	0	0	0	0	0	0	0	0	0	0	0	0	0	0	0	0	0	0	0	0	0	0	0	0	0	0	0	0	0	0	0	0	0	0	0	0	0	0	0	0	0	0	0	0	0	0	0	0	0	0	0	0	0	0	0	0	0	0	0	0	0	0	0	0	0	0	0	0	0	0	0	0	0	0	0	0	0	0	0	0	0	0	0	0	0	0	0	0	0	0	0	0	0	0	0	0	0	0	0	0	0	0	0	0	0	0	0	0	0	0	0	0	0	0	0	0	0	0	0	0	0	0	0	0	0	0	0	0	0	0	0	0	0	0	0	0	0	0	0	0	0	0	0	0	0	0	0	0	0	0	0	0	0	0	0	0	0	0	0	0	0	0	0	0	0	0	0	0	0	0	0	0	0	0	0	0	0	0	0	1	1	1	1	1	1	0	0	0	0	0	1	1	1	1	1	1	0	0	0	0	0	0	0	0	0	0	0	0	0	0	0	0	0	0	0	0	0
0	0	0	0	0	0	0	0	0	0	0	0	0	0	0	0	0	0	0	0	0	0	0	0	0	0	0	0	0	0	0	0	0	0	0	0	0	0	0	0	0	0	0	0	0	0	0	0	0	0	0	0	0	0	0	0	0	0	0	0	0	0	0	0	0	0	0	0	0	0	0	0	0	0	0	0	0	0	0	0	0	0	0	0	0	0	0	0	0	0	0	0	0	0	0	0	0	0	0	0	0	0	0	0	0	0	0	0	0	0	0	0	0	0	0	0	0	0	0	0	0	0	0	0	0	0	0	0	0	0	0	0	0	0	0	0	0	0	0	0	0	0	0	0	0	0	0	0	0	0	0	0	0	0	0	0	0	0	0	0	0	0	0	0	0	0	0	0	0	0	0	0	0	0	0	0	0	0	0	0	0	0	0	0	0	0	0	0	0	0	0	0	0	0	0	0	0	0	0	0	0	0	0	0	0	0	0	0	0	0	0	0	0	0	0	0	0	0	0	0	0	0	0	0	0	0	0	0
